(0, 0)
(0.5017549991607666, 7)
(1.0169849395751953, 45)
(1.5391390323638916, 49)
(2.0662460327148438, 8)
(2.587938070297241, 8)
(3.1051440238952637, 7)
(3.6332929134368896, 27)
(4.148543119430542, 2)
(4.6641809940338135, 2)
(5.179656982421875, 2)
(5.705398082733154, 2)
(6.218914985656738, 0)
(6.742449045181274, 8)
(7.270271062850952, 16)
(7.786488056182861, 44)
(8.301100969314575, 52)
(8.808305025100708, 47)
(9.329654932022095, 25)
(9.850068092346191, 47)
(10.368550062179565, 80)
(10.887058973312378, 99)
(11.403729915618896, 10)
(11.92102313041687, 8)
(12.444509029388428, 8)
(12.96944808959961, 16)
(13.494555950164795, 4)
(14.014869928359985, 28)
(14.538319110870361, 6)
(15.083193063735962, 13)
(15.614352941513062, 32)
(16.128567934036255, 11)
(16.650264978408813, 7)
(17.165206909179688, 6)
(17.68314790725708, 4)
(18.19958996772766, 21)
(18.716002941131592, 42)
(19.229480028152466, 43)
(19.748898029327393, 71)
(20.265321969985962, 115)
(20.781795978546143, 124)
(21.305547952651978, 61)
(21.828012943267822, 51)
(22.353243112564087, 49)
(22.879405975341797, 56)
(23.396671056747437, 11)
(23.90988302230835, 5)
(24.43030309677124, 4)
(24.950433015823364, 4)
(25.472184896469116, 1)
(25.985358953475952, 22)
(26.509896993637085, 36)
(27.0331289768219, 60)
(27.580141067504883, 52)
(28.08771800994873, 50)
(28.60097908973694, 46)
(29.11420702934265, 54)
(29.628822088241577, 81)
(30.136368989944458, 79)
(30.64398193359375, 86)
(31.15863299369812, 110)
(31.668993949890137, 86)
(32.17795205116272, 70)
(32.68572497367859, 88)
(33.21190094947815, 95)
(33.72018599510193, 93)
(34.24363899230957, 71)
(34.75794005393982, 52)
(35.26757311820984, 47)
(35.77424597740173, 54)
(36.282423973083496, 12)
(36.79206109046936, 11)
(37.29868793487549, 14)
(37.82058811187744, 9)
(38.34453511238098, 6)
(38.86396908760071, 4)
(39.37311410903931, 9)
(39.88123607635498, 2)
(40.39245390892029, 13)
(40.90216112136841, 4)
(41.41953206062317, 4)
(41.929178953170776, 2)
(42.44124913215637, 12)
(42.949958086013794, 4)
(43.4627799987793, 2)
(43.972959995269775, 2)
(44.482826948165894, 2)
(45.005757093429565, 1)
(45.54547595977783, 0)
(46.068313121795654, 0)
(46.59889507293701, 0)
(47.124298095703125, 0)
(47.647144079208374, 0)
(48.169991970062256, 0)
(48.680113077163696, 23)
(49.232211112976074, 4)
(49.74808192253113, 16)
(50.26679992675781, 43)
(50.78313708305359, 8)
(51.30493211746216, 5)
(51.82002091407776, 21)
(52.33982706069946, 46)
(52.85542392730713, 60)
(53.36938190460205, 83)
(53.883851051330566, 85)
(54.40002202987671, 76)
(54.920511960983276, 56)
(55.44351506233215, 45)
(55.96213912963867, 49)
(56.479310035705566, 50)
(57.01236701011658, 8)
(57.542805910110474, 27)
(58.06552505493164, 27)
(58.581214904785156, 82)
(59.11437797546387, 54)
(59.63725304603577, 49)
(60.161125898361206, 47)
(60.68000292778015, 65)
(61.1913640499115, 82)
(61.698566913604736, 81)
(62.219943046569824, 49)
(62.734447956085205, 19)
(63.26175904273987, 4)
(63.77818512916565, 7)
(64.30638790130615, 23)
(64.82114791870117, 46)
(65.33476090431213, 63)
(65.86549997329712, 75)
(66.39386796951294, 50)
(66.9098219871521, 10)
(67.42505812644958, 10)
(67.9425950050354, 8)
(68.46369099617004, 7)
(69.00086712837219, 1)
(69.52200293540955, 0)
(70.03599095344543, 0)
(70.55708193778992, 6)
(71.07638597488403, 8)
(71.58857202529907, 4)
(72.1007239818573, 13)
(72.61924290657043, 23)
(73.13579106330872, 11)
(73.65347290039062, 15)
(74.16759705543518, 8)
(74.68665194511414, 7)
(75.20618104934692, 40)
(75.73201704025269, 21)
(76.25712990760803, 5)
(76.77269697189331, 38)
(77.28363800048828, 43)
(77.79117798805237, 48)
(78.29872608184814, 21)
(78.80970811843872, 4)
(79.32089495658875, 4)
(79.82841491699219, 17)
(80.348060131073, 25)
(80.86693906784058, 49)
(81.39066195487976, 53)
(81.92227792739868, 17)
(82.4436559677124, 47)
(82.98551797866821, 49)
(83.5009069442749, 79)
(84.01781392097473, 62)
(84.53302907943726, 91)
(85.05636501312256, 83)
(85.5834469795227, 84)
(86.09742903709412, 52)
(86.61462712287903, 52)
(87.13008213043213, 49)
(87.66279697418213, 50)
(88.18125891685486, 122)
(88.70306897163391, 165)
(89.2277340888977, 153)
(89.75448393821716, 156)
(90.2734010219574, 114)
(90.78854513168335, 69)
(91.30373501777649, 36)
(91.8227391242981, 10)
(92.35945200920105, 8)
(92.89867901802063, 11)
(93.41573309898376, 7)
(93.9403829574585, 14)
(94.45815396308899, 6)
(94.97448992729187, 6)
(95.4858660697937, 4)
(96.00101494789124, 4)
(96.50980710983276, 8)
(97.02118396759033, 2)
(97.531259059906, 2)
(98.04391503334045, 6)
(98.56029796600342, 11)
(99.08335995674133, 7)
(99.62021994590759, 11)
(100.13836002349854, 4)
(100.66223192214966, 4)
(101.18212294578552, 24)
(101.69763207435608, 35)
(102.211256980896, 4)
(102.75212907791138, 4)
(103.26541590690613, 28)
(103.78648090362549, 46)
(104.32047390937805, 64)
(104.83928894996643, 46)
(105.36036992073059, 47)
(105.88706612586975, 80)
(106.40922999382019, 78)
(106.94659304618835, 118)
(107.4619779586792, 127)
(107.98998808860779, 128)
(108.49626898765564, 85)
(109.01471495628357, 86)
(109.53300499916077, 91)
(110.05206990242004, 96)
(110.58830189704895, 148)
(111.10544204711914, 124)
(111.62518811225891, 169)
(112.14352512359619, 173)
(112.67699098587036, 165)
(113.18565511703491, 118)
(113.72029900550842, 94)
(114.24208903312683, 86)
(114.76599907875061, 103)
(115.3030960559845, 168)
(115.82480096817017, 174)
(116.35233306884766, 169)
(116.87087893486023, 112)
(117.390545129776, 112)
(117.92750906944275, 188)
(118.44978904724121, 209)
(118.96851897239685, 218)
(119.50298309326172, 207)
(120.0313811302185, 110)
(120.54938912391663, 136)
(121.06216192245483, 190)
(121.59096193313599, 213)
(122.10865998268127, 310)
(122.63205194473267, 244)
(123.14359498023987, 199)
(123.65626096725464, 286)
(124.19512796401978, 109)
(124.71337890625, 74)
(125.23857402801514, 89)
(125.75921702384949, 92)
(126.28890895843506, 111)
(126.8049750328064, 85)
(127.32331395149231, 82)
(127.84279203414917, 85)
(128.3668920993805, 81)
(128.88634610176086, 116)
(129.40467500686646, 136)
(129.92399096488953, 102)
(130.4505259990692, 124)
(130.96876311302185, 98)
(131.48482990264893, 89)
(132.00220012664795, 56)
(132.51921796798706, 47)
(133.05396699905396, 63)
(133.57155394554138, 124)
(134.09720492362976, 167)
(134.62226009368896, 166)
(135.14787697792053, 154)
(135.67000603675842, 148)
(136.1887390613556, 130)
(136.70612001419067, 112)
(137.2163200378418, 86)
(137.7228720188141, 86)
(138.2380509376526, 83)
(138.74579191207886, 71)
(139.254812002182, 82)
(139.76376295089722, 95)
(140.27156400680542, 97)
(140.78424406051636, 83)
(141.29076409339905, 81)
(141.7997488975525, 66)
(142.321191072464, 87)
(142.85194206237793, 83)
(143.3658308982849, 86)
(143.87360501289368, 84)
(144.39012908935547, 88)
(144.897794008255, 56)
(145.41125202178955, 47)
(145.94594311714172, 64)
(146.45903491973877, 47)
(146.97302412986755, 43)
(147.48076796531677, 43)
(148.00099110603333, 59)
(148.5252230167389, 67)
(149.0688829421997, 51)
(149.57835292816162, 46)
(150.08922910690308, 45)
(150.59865999221802, 46)
(151.1140661239624, 42)
(151.62790298461914, 41)
(152.14631390571594, 39)
(152.66021013259888, 41)
(153.17405700683594, 40)
(153.68347001075745, 39)
(154.1928780078888, 53)
(154.70309591293335, 47)
(155.21598291397095, 46)
(155.7375659942627, 45)
(156.25444507598877, 44)
(156.76831912994385, 43)
(157.2822289466858, 41)
(157.7901210784912, 44)
(158.30734395980835, 43)
(158.81494808197021, 41)
(159.3236711025238, 42)
(159.8322970867157, 71)
(160.3405270576477, 79)
(160.86156392097473, 122)
(161.3775360584259, 104)
(161.89410209655762, 94)
(162.4164891242981, 88)
(162.93979907035828, 92)
(163.45550990104675, 87)
(163.97509503364563, 85)
(164.494726896286, 48)
(165.01687908172607, 21)
(165.55925393104553, 7)
(166.09927606582642, 15)
(166.62994599342346, 8)
(167.14321994781494, 6)
(167.6549301147461, 7)
(168.16505694389343, 4)
(168.68621802330017, 4)
(169.21060299873352, 7)
(169.72895002365112, 3)
(170.2453830242157, 2)
(170.7621669769287, 2)
(171.28409790992737, 5)
(171.81630492210388, 42)
(172.34421300888062, 61)
(172.87018609046936, 90)
(173.3867061138153, 107)
(173.90257906913757, 86)
(174.4259569644928, 83)
(174.94941306114197, 69)
(175.46989703178406, 47)
(175.98562502861023, 24)
(176.50291204452515, 6)
(177.01111602783203, 55)
(177.52228808403015, 58)
(178.03811693191528, 46)
(178.55101990699768, 6)
(179.06976795196533, 6)
(179.58584094047546, 5)
(180.10547304153442, 2)
(180.63013410568237, 8)
(181.16104698181152, 2)
(181.68255305290222, 8)
(182.21079206466675, 10)
(182.73090410232544, 6)
(183.24967002868652, 24)
(183.7697970867157, 26)
(184.28320407867432, 11)
(184.8127191066742, 9)
(185.3301920890808, 10)
(185.84759712219238, 15)
(186.36096000671387, 3)
(186.88246297836304, 6)
(187.40203309059143, 43)
(187.92811512947083, 44)
(188.45091199874878, 87)
(188.9752321243286, 96)
(189.49478793144226, 84)
(190.01784706115723, 81)
(190.5529899597168, 125)
(191.073646068573, 136)
(191.58086395263672, 123)
(192.08720302581787, 112)
(192.60135102272034, 51)
(193.1260371208191, 57)
(193.6673460006714, 47)
(194.18019604682922, 33)
(194.6968960762024, 5)
(195.20457792282104, 4)
(195.72135305404663, 26)
(196.24719405174255, 55)
(196.76520109176636, 45)
(197.29888606071472, 42)
(197.82994389533997, 44)
(198.3453540802002, 47)
(198.86410307884216, 82)
(199.37939596176147, 80)
(199.91298294067383, 85)
(200.43054699897766, 127)
(200.94900393486023, 139)
(201.45671892166138, 111)
(201.97336602210999, 95)
(202.5028669834137, 89)
(203.00949501991272, 72)
(203.5215721130371, 24)
(204.03912901878357, 6)
(204.55396699905396, 30)
(205.07556700706482, 56)
(205.5836329460144, 47)
(206.12557697296143, 69)
(206.65131092071533, 51)
(207.17422008514404, 65)
(207.69312500953674, 64)
(208.21473693847656, 89)
(208.74316096305847, 87)
(209.2701280117035, 61)
(209.78907299041748, 43)
(210.30672693252563, 61)
(210.82564306259155, 44)
(211.34983897209167, 21)
(211.8663010597229, 4)
(212.4021189212799, 4)
(212.9236879348755, 14)
(213.44531202316284, 20)
(213.96309900283813, 45)
(214.47530698776245, 50)
(214.99818396568298, 37)
(215.51256489753723, 52)
(216.0425989627838, 87)
(216.56412506103516, 58)
(217.07785511016846, 61)
(217.59547591209412, 44)
(218.11177897453308, 45)
(218.63072800636292, 51)
(219.16283011436462, 79)
(219.68304204940796, 69)
(220.204598903656, 45)
(220.72546792030334, 9)
(221.2501881122589, 8)
(221.77167105674744, 7)
(222.3030390739441, 5)
(222.86549305915833, 0)
(223.37954998016357, 2)
(223.90512490272522, 41)
(224.42791104316711, 50)
(224.94567489624023, 107)
(225.4624149799347, 122)
(225.98208498954773, 154)
(226.51035690307617, 106)
(227.01828789710999, 87)
(227.55351209640503, 51)
(228.07372403144836, 61)
(228.5905840396881, 84)
(229.10000896453857, 92)
(229.62717700004578, 46)
(230.1484179496765, 44)
(230.67025303840637, 46)
(231.20008397102356, 48)
(231.71877908706665, 81)
(232.23240494728088, 98)
(232.7410910129547, 124)
(233.25696802139282, 125)
(233.77502512931824, 89)
(234.2867500782013, 92)
(234.80189895629883, 84)
(235.3096580505371, 48)
(235.81810808181763, 47)
(236.32638812065125, 47)
(236.84287691116333, 44)
(237.34981513023376, 86)
(237.86228704452515, 116)
(238.3786690235138, 117)
(238.9058699607849, 76)
(239.41305804252625, 51)
(239.9509129524231, 47)
(240.45790696144104, 32)
(240.99858808517456, 5)
(241.51231598854065, 3)
(242.01934790611267, 2)
(242.52900791168213, 8)
(243.04282903671265, 3)
(243.58078503608704, 28)
(244.0877981185913, 34)
(244.5955331325531, 12)
(245.12395811080933, 51)
(245.65987491607666, 53)
(246.17817401885986, 46)
(246.69403290748596, 45)
(247.21670603752136, 50)
(247.7291030883789, 48)
(248.31347393989563, 55)
(248.84672093391418, 51)
(249.37308812141418, 63)
(249.88590002059937, 46)
(250.39574790000916, 62)
(250.9034240245819, 26)
(251.41107606887817, 18)
(251.92756700515747, 32)
(252.43656611442566, 21)
(252.94645404815674, 14)
(253.45461702346802, 10)
(253.9726939201355, 8)
(254.49409890174866, 18)
(255.02030491828918, 31)
(255.52835512161255, 32)
(256.0399730205536, 4)
(256.5514569282532, 10)
(257.061252117157, 5)
(257.5810420513153, 4)
(258.1007261276245, 3)
(258.6429440975189, 15)
(259.16653203964233, 7)
(259.6787841320038, 4)
(260.1886029243469, 9)
(260.6951060295105, 11)
(261.20327711105347, 44)
(261.7131040096283, 43)
(262.23775005340576, 43)
(262.76226711273193, 41)
(263.2760589122772, 15)
(263.7956440448761, 4)
(264.3238561153412, 4)
(264.8415150642395, 4)
(265.3707070350647, 4)
(265.88736605644226, 1)
(266.40324902534485, 5)
(266.9209849834442, 15)
(267.4421489238739, 94)
(267.9649679660797, 93)
(268.50023007392883, 79)
(269.03741097450256, 50)
(269.56201696395874, 42)
(270.0760910511017, 5)
(270.5972650051117, 19)
(271.12643790245056, 56)
(271.6396300792694, 45)
(272.166090965271, 11)
(272.6858661174774, 4)
(273.19805097579956, 4)
(273.71021604537964, 2)
(274.2225000858307, 3)
(274.74124908447266, 61)
(275.2809109687805, 95)
(275.8236720561981, 82)
(276.33279299736023, 84)
(276.86155891418457, 77)
(277.39057302474976, 57)
(277.9032530784607, 51)
(278.42716813087463, 49)
(278.9672110080719, 50)
(279.49268412590027, 48)
(280.0156841278076, 45)
(280.53280210494995, 56)
(281.04821705818176, 43)
(281.56964898109436, 43)
(282.09597396850586, 43)
(282.62072110176086, 45)
(283.13251304626465, 58)
(283.63978099823, 42)
(284.1573529243469, 43)
(284.6807761192322, 19)
(285.21456694602966, 12)
(285.7525899410248, 6)
(286.26936292648315, 17)
(286.7936499118805, 7)
(287.3096671104431, 4)
(287.8300859928131, 16)
(288.3535840511322, 59)
(288.8722710609436, 85)
(289.40025305747986, 82)
(289.9131278991699, 81)
(290.4218919277191, 49)
(290.9350199699402, 42)
(291.44943499565125, 35)
(291.97248697280884, 6)
(292.48064708709717, 18)
(293.00752091407776, 24)
(293.51941108703613, 27)
(294.04998111724854, 30)
(294.5713241100311, 20)
(295.0961971282959, 13)
(295.61112093925476, 8)
(296.1392900943756, 7)
(296.6675989627838, 52)
(297.18863892555237, 73)
(297.70975708961487, 127)
(298.2328541278839, 139)
(298.76588797569275, 144)
(299.2743000984192, 128)
(299.7957971096039, 127)
(300.319433927536, 126)
(300.84713196754456, 154)
(301.36281991004944, 131)
(301.8865818977356, 123)
(302.403608083725, 54)
(302.92591309547424, 12)
(303.4469721317291, 11)
(303.96664905548096, 14)
(304.4836790561676, 6)
(305.0247929096222, 3)
(305.57261896133423, 2)
(306.0870249271393, 3)
(306.6012969017029, 5)
(307.1170120239258, 2)
(307.6340069770813, 2)
(308.1469919681549, 2)
(308.6636679172516, 2)
(309.1948459148407, 1)
(309.7263901233673, 13)
(310.2465660572052, 41)
(310.7598979473114, 68)
(311.2794780731201, 82)
(311.79336309432983, 27)
(312.31051898002625, 4)
(312.84273195266724, 5)
(313.3603720664978, 4)
(313.8801279067993, 3)
(314.3998930454254, 0)
(314.9301199913025, 0)
(315.4520170688629, 0)
(315.98631405830383, 8)
(316.51447200775146, 28)
(317.04686307907104, 46)
(317.57076501846313, 77)
(318.09479999542236, 10)
(318.6083960533142, 14)
(319.12586092948914, 11)
(319.64330410957336, 10)
(320.15755796432495, 11)
(320.69656801223755, 4)
(321.21804189682007, 3)
(321.73754596710205, 2)
(322.25897908210754, 2)
(322.7942109107971, 0)
(323.3137309551239, 0)
(323.8312339782715, 0)
(324.3507089614868, 0)
(324.87223505973816, 6)
(325.39364290237427, 22)
(325.92301392555237, 84)
(326.43665504455566, 90)
(326.95018196105957, 78)
(327.4657459259033, 17)
(328.0146701335907, 6)
(328.54004311561584, 17)
(329.0478310585022, 44)
(329.5555160045624, 42)
(330.06325006484985, 41)
(330.58456206321716, 5)
(331.1071081161499, 6)
(331.6150541305542, 14)
(332.1393029689789, 33)
(332.6581139564514, 48)
(333.1805200576782, 45)
(333.69212102890015, 7)
(334.2068920135498, 4)
(334.7298409938812, 10)
(335.259565114975, 58)
(335.7801740169525, 46)
(336.2955090999603, 75)
(336.81424713134766, 88)
(337.3392059803009, 88)
(337.8646309375763, 36)
(338.3755021095276, 8)
(338.892462015152, 23)
(339.41111493110657, 50)
(339.9202969074249, 28)
(340.4279360771179, 62)
(340.94976592063904, 58)
(341.4781060218811, 50)
(342.01570892333984, 50)
(342.53164196014404, 19)
(343.0569660663605, 4)
(343.5760838985443, 7)
(344.1107409000397, 11)
(344.6246979236603, 42)
(345.1558699607849, 84)
(345.67535400390625, 84)
(346.18976306915283, 87)
(346.7080910205841, 81)
(347.2320759296417, 85)
(347.75145506858826, 83)
(348.2777669429779, 46)
(348.7853579521179, 45)
(349.2958240509033, 43)
(349.8048949241638, 50)
(350.3139579296112, 45)
(350.82298707962036, 71)
(351.3536880016327, 123)
(351.8814880847931, 122)
(352.4083459377289, 129)
(352.924024105072, 74)
(353.4540810585022, 56)
(353.9762270450592, 50)
(354.49844193458557, 55)
(355.00905990600586, 31)
(355.52119493484497, 13)
(356.05477690696716, 8)
(356.58281803131104, 13)
(357.09763193130493, 11)
(357.62749910354614, 9)
(358.1519339084625, 48)
(358.6713879108429, 86)
(359.19404911994934, 53)
(359.7170090675354, 43)
(360.2411530017853, 43)
(360.75701212882996, 45)
(361.3148810863495, 50)
(361.8440990447998, 42)
(362.3576340675354, 51)
(362.87684202194214, 98)
(363.39634895324707, 85)
(363.9130871295929, 88)
(364.4438359737396, 64)
(365.00637006759644, 147)
(365.5260519981384, 109)
(366.0440170764923, 95)
(366.55980706214905, 127)
(367.0755660533905, 128)
(367.6285591125488, 130)
(368.15887689590454, 133)
(368.68647503852844, 86)
(369.193932056427, 61)
(369.7013831138611, 46)
(370.2105278968811, 54)
(370.72857999801636, 61)
(371.24659299850464, 34)
(371.7691640853882, 12)
(372.2867650985718, 13)
(372.803426027298, 37)
(373.3235659599304, 11)
(373.8410949707031, 6)
(374.36704206466675, 26)
(374.87952399253845, 20)
(375.39538407325745, 15)
(375.9129309654236, 8)
(376.4304621219635, 8)
(376.94298791885376, 4)
(377.457093000412, 14)
(377.98958706855774, 3)
(378.5072989463806, 2)
(379.0333170890808, 2)
(379.5582580566406, 2)
(380.0878210067749, 41)
(380.61427903175354, 41)
(381.1392660140991, 88)
(381.6733889579773, 129)
(382.1833429336548, 124)
(382.7125561237335, 126)
(383.2318069934845, 126)
(383.74068093299866, 90)
(384.2509560585022, 87)
(384.7757260799408, 61)
(385.28481698036194, 49)
(385.7934010028839, 51)
(386.3152279853821, 51)
(386.8228380680084, 9)
(387.3320770263672, 7)
(387.8507299423218, 45)
(388.36148500442505, 98)
(388.8933370113373, 99)
(389.4055209159851, 103)
(389.9202620983124, 105)
(390.4494979381561, 61)
(390.96876096725464, 42)
(391.49520897865295, 92)
(392.01596093177795, 30)
(392.5297610759735, 9)
(393.049015045166, 6)
(393.59525895118713, 13)
(394.11879110336304, 5)
(394.6310510635376, 12)
(395.1532471179962, 19)
(395.6768181324005, 6)
(396.1957929134369, 5)
(396.71647596359253, 4)
(397.2514090538025, 10)
(397.76509404182434, 2)
(398.2886691093445, 2)
(398.8080310821533, 2)
(399.3261151313782, 2)
(399.8566110134125, 0)
(400.37847208976746, 0)
(400.90789103507996, 6)
(401.44596099853516, 2)
(401.9653089046478, 3)
(402.4825949668884, 2)
(403.0020909309387, 1)
(403.5241889953613, 0)
(404.0430009365082, 0)
(404.58141899108887, 3)
(405.09419894218445, 5)
(405.62713098526, 3)
(406.1469190120697, 2)
(406.66881012916565, 7)
(407.1910140514374, 8)
(407.7119960784912, 4)
(408.2508180141449, 4)
(408.8122489452362, 23)
(409.31820702552795, 43)
(409.82917189598083, 55)
(410.3392810821533, 41)
(410.85833191871643, 14)
(411.3796019554138, 11)
(411.9180989265442, 9)
(412.4256429672241, 4)
(412.94335198402405, 1)
(413.46292209625244, 0)
(413.98058104515076, 0)
(414.49456000328064, 1)
(415.0311551094055, 15)
(415.5677180290222, 32)
(416.088082075119, 45)
(416.60306191444397, 65)
(417.11154413223267, 30)
(417.62866592407227, 7)
(418.15279507637024, 11)
(418.6787829399109, 12)
(419.22435092926025, 7)
(419.7430930137634, 13)
(420.25747895240784, 6)
(420.77444100379944, 5)
(421.2985260486603, 2)
(421.8226099014282, 11)
(422.3396039009094, 2)
(422.8761909008026, 11)
(423.3931019306183, 37)
(423.9082179069519, 4)
(424.42718291282654, 3)
(424.9495289325714, 11)
(425.47043204307556, 9)
(426.0103449821472, 6)
(426.5308210849762, 4)
(427.0477430820465, 12)
(427.57108092308044, 44)
(428.0874559879303, 27)
(428.6171040534973, 25)
(429.142343044281, 42)
(429.6672840118408, 53)
(430.1842200756073, 51)
(430.7004508972168, 44)
(431.2197549343109, 41)
(431.72739601135254, 40)
(432.2345759868622, 36)
(432.74337005615234, 9)
(433.25221610069275, 4)
(433.7625961303711, 45)
(434.27140712738037, 62)
(434.78018403053284, 58)
(435.30187010765076, 8)
(435.8091309070587, 8)
(436.3468289375305, 14)
(436.85726404190063, 21)
(437.37910199165344, 45)
(437.89582800865173, 43)
(438.40780091285706, 42)
(438.9252710342407, 23)
(439.4470109939575, 3)
(439.9573700428009, 22)
(440.4774971008301, 6)
(440.9991750717163, 6)
(441.5120339393616, 5)
(442.0321431159973, 8)
(442.54401993751526, 16)
(443.0779309272766, 13)
(443.5872950553894, 6)
(444.1026921272278, 6)
(444.62255907058716, 5)
(445.1466679573059, 2)
(445.6642220020294, 12)
(446.1862061023712, 2)
(446.70604705810547, 2)
(447.25232195854187, 2)
(447.7677059173584, 11)
(448.30740308761597, 42)
(448.82499504089355, 43)
(449.34168696403503, 13)
(449.86348009109497, 4)
(450.3797519207001, 2)
(450.89783000946045, 2)
(451.437961101532, 2)
(451.9506390094757, 0)
(452.4669110774994, 13)
(452.97213792800903, 6)
(453.4868109226227, 68)
(453.9974091053009, 134)
(454.5239360332489, 129)
(455.041659116745, 107)
(455.55816411972046, 87)
(456.0733439922333, 92)
(456.58886909484863, 84)
(457.1111159324646, 89)
(457.6428680419922, 51)
(458.1579079627991, 56)
(458.66599202156067, 87)
(459.1743121147156, 91)
(459.6835880279541, 87)
(460.20571994781494, 74)
(460.73906803131104, 37)
(461.2583680152893, 8)
(461.776221036911, 18)
(462.3053059577942, 37)
(462.8134300708771, 48)
(463.3299050331116, 50)
(463.837975025177, 44)
(464.34625911712646, 43)
(464.8618280887604, 63)
(465.38057708740234, 82)
(465.9011790752411, 82)
(466.42614698410034, 49)
(466.94961190223694, 43)
(467.46612906455994, 31)
(467.98123002052307, 4)
(468.50106501579285, 4)
(469.01941108703613, 2)
(469.5408079624176, 25)
(470.06855392456055, 43)
(470.69250893592834, 54)
(471.2068021297455, 53)
(471.7217710018158, 59)
(472.24240612983704, 89)
(472.76848101615906, 94)
(473.30152702331543, 65)
(473.82301211357117, 33)
(474.34792304039, 10)
(474.8576650619507, 10)
(475.374116897583, 36)
(475.88727712631226, 47)
(476.4137649536133, 77)
(476.95374393463135, 22)
(477.47973108291626, 35)
(477.9962389469147, 8)
(478.51337695121765, 15)
(479.02646708488464, 9)
(479.5463011264801, 5)
(480.0644369125366, 3)
(480.5860300064087, 16)
(481.109158039093, 44)
(481.627259016037, 42)
(482.13873410224915, 43)
(482.6518180370331, 41)
(483.16287207603455, 49)
(483.69144201278687, 42)
(484.1979238986969, 69)
(484.7217779159546, 126)
(485.2465629577637, 129)
(485.76086592674255, 93)
(486.28075408935547, 91)
(486.7961850166321, 90)
(487.3124899864197, 64)
(487.82874298095703, 34)
(488.3421139717102, 12)
(488.8597891330719, 12)
(489.3919279575348, 7)
(489.9082520008087, 34)
(490.42301297187805, 44)
(490.93638801574707, 52)
(491.4541509151459, 76)
(491.97182512283325, 99)
(492.4871361255646, 88)
(493.0045220851898, 90)
(493.52208709716797, 91)
(494.03944206237793, 100)
(494.5712399482727, 90)
(495.0893609523773, 86)
(495.6075439453125, 92)
(496.12293004989624, 92)
(496.64275002479553, 86)
(497.16585397720337, 11)
(497.67998909950256, 37)
(498.20037293434143, 53)
(498.71858406066895, 69)
(499.2467451095581, 39)
(499.77110600471497, 23)
(500.304074048996, 58)
(500.82615995407104, 52)
(501.3415639400482, 40)
(501.85455894470215, 6)
(502.369980096817, 42)
(502.88529109954834, 80)
(503.41071009635925, 91)
(503.93150305747986, 86)
(504.44698691368103, 81)
(504.96751499176025, 89)
(505.48467206954956, 84)
(506.00640392303467, 63)
(506.52441000938416, 57)
(507.0469579696655, 83)
(507.564404964447, 86)
(508.0856750011444, 84)
(508.6010670661926, 81)
(509.12216997146606, 82)
(509.6464350223541, 87)
(510.1688461303711, 96)
(510.68740606307983, 85)
(511.2014911174774, 120)
(511.72845911979675, 127)
(512.2606229782104, 125)
(512.7801749706268, 118)
(513.3007299900055, 139)
(513.8181159496307, 127)
(514.3493220806122, 97)
(514.8654460906982, 90)
(515.3768560886383, 125)
(515.8929400444031, 89)
(516.4149670600891, 121)
(516.933277130127, 197)
(517.4541001319885, 168)
(517.9759800434113, 167)
(518.499116897583, 148)
(519.0261161327362, 104)
(519.53884100914, 87)
(520.0558109283447, 92)
(520.5773041248322, 91)
(521.0999660491943, 58)
(521.630294084549, 45)
(522.1573050022125, 46)
(522.6755199432373, 43)
(523.209193944931, 49)
(523.7430589199066, 75)
(524.2939240932465, 83)
(524.8079569339752, 52)
(525.3327269554138, 57)
(525.8621249198914, 46)
(526.3956880569458, 26)
(526.9111850261688, 32)
(527.4250891208649, 46)
(527.9628350734711, 38)
(528.4842569828033, 4)
(528.9990699291229, 22)
(529.5144119262695, 84)
(530.0464289188385, 61)
(530.5651340484619, 16)
(531.0803010463715, 10)
(531.6031301021576, 6)
(532.1134150028229, 15)
(532.6402180194855, 90)
(533.1680710315704, 115)
(533.6909980773926, 135)
(534.2161591053009, 128)
(534.7352049350739, 79)
(535.255049943924, 53)
(535.7820301055908, 50)
(536.3034610748291, 45)
(536.8213880062103, 27)
(537.3490090370178, 44)
(537.8655030727386, 42)
(538.3792250156403, 43)
(538.8915450572968, 41)
(539.4024391174316, 49)
(539.9105288982391, 41)
(540.4172570705414, 84)
(540.9365499019623, 99)
(541.4596269130707, 92)
(542.0087230205536, 98)
(542.5407431125641, 58)
(543.0623829364777, 60)
(543.5795450210571, 78)
(544.0998249053955, 60)
(544.6183700561523, 14)
(545.1473231315613, 10)
(545.667396068573, 16)
(546.1915950775146, 8)
(546.7075810432434, 30)
(547.2222681045532, 51)
(547.7464089393616, 48)
(548.2761189937592, 25)
(548.8111939430237, 6)
(549.3285570144653, 23)
(549.8486540317535, 47)
(550.3670430183411, 45)
(550.8820431232452, 42)
(551.4048290252686, 44)
(551.9440469741821, 67)
(552.4655010700226, 45)
(552.9858219623566, 73)
(553.5045070648193, 92)
(554.013720035553, 103)
(554.5257771015167, 88)
(555.0457499027252, 77)
(555.5604119300842, 54)
(556.0861060619354, 49)
(556.6227610111237, 24)
(557.1515591144562, 8)
(557.6723771095276, 12)
(558.1983370780945, 17)
(558.7144041061401, 15)
(559.2289381027222, 10)
(559.7475249767303, 10)
(560.2659950256348, 8)
(560.7759249210358, 13)
(561.2977640628815, 5)
(561.813707113266, 4)
(562.3278319835663, 3)
(562.863030910492, 2)
(563.3823039531708, 41)
(563.9046230316162, 43)
(564.4255928993225, 67)
(564.9489059448242, 45)
(565.4773828983307, 46)
(566.0008540153503, 43)
(566.5261161327362, 8)
(567.0465049743652, 2)
(567.5763919353485, 20)
(568.1004550457001, 15)
(568.6171550750732, 7)
(569.1331079006195, 79)
(569.657436132431, 119)
(570.1787130832672, 93)
(570.6973040103912, 95)
(571.2156300544739, 63)
(571.7309010028839, 71)
(572.2554090023041, 84)
(572.7746410369873, 89)
(573.2988829612732, 88)
(573.8180119991302, 89)
(574.3323609828949, 83)
(574.8491621017456, 83)
(575.3705320358276, 96)
(575.8911669254303, 50)
(576.4056029319763, 19)
(576.9246950149536, 17)
(577.4361231327057, 22)
(577.9567019939423, 56)
(578.4758551120758, 66)
(579.0041370391846, 51)
(579.5244550704956, 50)
(580.0401690006256, 50)
(580.5599749088287, 58)
(581.0825090408325, 81)
(581.602420091629, 80)
(582.1165840625763, 68)
(582.6350250244141, 57)
(583.1581659317017, 46)
(583.6759839057922, 45)
(584.2028710842133, 45)
(584.7209041118622, 58)
(585.244833946228, 45)
(585.7660319805145, 43)
(586.2912900447845, 9)
(586.8111200332642, 43)
(587.3487470149994, 86)
(587.8685829639435, 85)
(588.3870120048523, 78)
(588.9039931297302, 42)
(589.4227609634399, 44)
(589.9531309604645, 43)
(590.4904680252075, 43)
(591.0001459121704, 49)
(591.5277800559998, 42)
(592.0427920818329, 42)
(592.5608921051025, 40)
(593.0729880332947, 4)
(593.5849709510803, 3)
(594.1230180263519, 26)
(594.6364641189575, 6)
(595.153883934021, 5)
(595.6681389808655, 4)
(596.1876261234283, 10)
(596.7018809318542, 4)
(597.2297279834747, 41)
(597.7552869319916, 45)
(598.2718350887299, 42)
(598.8004660606384, 42)
(599.3143320083618, 41)
(599.8329129219055, 48)
(600.3787679672241, 85)
(600.9328050613403, 82)
(601.4498510360718, 44)
(601.9923269748688, 27)
(602.4994659423828, 6)
(603.0100281238556, 12)
(603.5188081264496, 7)
(604.0346539020538, 6)
(604.5452480316162, 2)
(605.0593109130859, 3)
(605.5699150562286, 10)
(606.0787160396576, 49)
(606.6036441326141, 42)
(607.1280829906464, 43)
(607.6439609527588, 9)
(608.1616020202637, 10)
(608.6792330741882, 4)
(609.2057130336761, 5)
(609.7309029102325, 38)
(610.2570481300354, 42)
(610.7763221263885, 35)
(611.2903409004211, 13)
(611.8150510787964, 18)
(612.3375289440155, 33)
(612.8551330566406, 48)
(613.3857579231262, 46)
(613.9005501270294, 24)
(614.4187519550323, 20)
(614.9351959228516, 10)
(615.4481770992279, 37)
(615.9700179100037, 17)
(616.4917130470276, 8)
(617.0185680389404, 6)
(617.5316679477692, 6)
(618.0445320606232, 3)
(618.5750050544739, 0)
(619.0949909687042, 10)
(619.6166639328003, 2)
(620.140084028244, 2)
(620.6809921264648, 2)
(621.2149291038513, 2)
(621.7296600341797, 1)
(622.2478539943695, 5)
(622.760843038559, 9)
(623.2807550430298, 4)
(623.7872800827026, 17)
