(0.500856876373291, 0)
(1.029649019241333, 2)
(1.5519659519195557, 0)
(2.0765938758850098, 0)
(2.5941388607025146, 0)
(3.115050792694092, 0)
(3.6467440128326416, 2)
(4.162177801132202, 0)
(4.685847997665405, 0)
(5.2052319049835205, 0)
(5.727897882461548, 0)
(6.2609028816223145, 0)
(6.797055006027222, 0)
(7.31977391242981, 0)
(7.831364870071411, 1)
(8.352352857589722, 0)
(8.865091800689697, 0)
(9.379717826843262, 2)
(9.898820877075195, 0)
(10.416984796524048, 1)
(10.938402891159058, 1)
(11.452075958251953, 0)
(11.967962980270386, 0)
(12.483120918273926, 0)
(12.999826908111572, 0)
(13.518536806106567, 0)
(14.03925085067749, 0)
(14.551333904266357, 1)
(15.065783977508545, 1)
(15.583388805389404, 2)
(16.096410989761353, 0)
(16.615656852722168, 0)
(17.131552934646606, 0)
(17.65057396888733, 0)
(18.171096801757812, 0)
(18.6871337890625, 1)
(19.206106901168823, 0)
(19.71867799758911, 1)
(20.24277400970459, 2)
(20.76777696609497, 0)
(21.29101800918579, 0)
(21.806744813919067, 1)
(22.314531803131104, 0)
(22.82490301132202, 0)
(23.332599878311157, 0)
(23.84168791770935, 0)
(24.354800939559937, 0)
(24.863794803619385, 0)
(25.376845836639404, 0)
(25.89789080619812, 0)
(26.405646800994873, 1)
(26.921345949172974, 0)
(27.445096015930176, 0)
(27.96742081642151, 1)
(28.481923818588257, 0)
(28.99716091156006, 0)
(29.516069889068604, 1)
(30.036908864974976, 0)
(30.579309940338135, 0)
(31.102958917617798, 1)
(31.633243799209595, 0)
(32.150293827056885, 0)
(32.668625831604004, 1)
(33.17538595199585, 0)
(33.690202951431274, 0)
(34.22347092628479, 0)
(34.763476848602295, 1)
(35.31693482398987, 0)
(35.828935861587524, 0)
(36.34761190414429, 0)
(36.876386880874634, 1)
(37.4085898399353, 0)
(37.936444997787476, 0)
(38.45375680923462, 0)
(38.969801902770996, 0)
(39.494982957839966, 0)
(40.0189368724823, 0)
(40.545387983322144, 0)
(41.06536388397217, 0)
(41.585909843444824, 0)
(42.09929299354553, 1)
(42.61138582229614, 0)
(43.128445863723755, 0)
(43.64597201347351, 0)
(44.176724910736084, 1)
(44.69184589385986, 0)
(45.212443828582764, 0)
(45.7273588180542, 0)
(46.24748086929321, 0)
(46.75892496109009, 0)
(47.27735090255737, 0)
(47.805115938186646, 0)
(48.32561683654785, 0)
(48.85133981704712, 1)
(49.38367700576782, 0)
(49.90079092979431, 1)
(50.425532817840576, 0)
(50.941481828689575, 0)
(51.45667386054993, 0)
(51.97516393661499, 1)
(52.494722843170166, 0)
(53.01116681098938, 1)
(53.53417181968689, 0)
(54.05381989479065, 0)
(54.58760690689087, 1)
(55.1142258644104, 0)
(55.63726782798767, 1)
(56.15695881843567, 0)
(56.67301392555237, 0)
(57.18572187423706, 1)
(57.71334981918335, 0)
(58.235782861709595, 1)
(58.743891954422, 2)
(59.263749837875366, 1)
(59.78085684776306, 0)
(60.29557180404663, 1)
(60.80348801612854, 1)
(61.31155586242676, 0)
(61.823606967926025, 0)
(62.338156938552856, 0)
(62.8632128238678, 0)
(63.38824391365051, 0)
(63.904146909713745, 0)
(64.42188286781311, 1)
(64.94637298583984, 0)
(65.47384595870972, 1)
(65.99787282943726, 0)
(66.55164790153503, 0)
(67.08966493606567, 0)
(67.6224718093872, 0)
(68.14448595046997, 0)
(68.65988087654114, 0)
(69.17460799217224, 0)
(69.69308495521545, 0)
(70.20739889144897, 0)
(70.71544098854065, 0)
(71.24189686775208, 0)
(71.75206899642944, 0)
(72.26428580284119, 0)
(72.77360081672668, 1)
(73.285484790802, 0)
(73.801029920578, 0)
(74.32274293899536, 1)
(74.83142495155334, 0)
(75.33914494514465, 1)
(75.846843957901, 0)
(76.35457301139832, 1)
(76.86329889297485, 1)
(77.37100481987, 0)
(77.87872886657715, 0)
(78.38941192626953, 0)
(78.89917492866516, 0)
(79.41087889671326, 0)
(79.92157793045044, 0)
(80.43125891685486, 1)
(80.93898701667786, 1)
(81.46250295639038, 0)
(81.97042489051819, 0)
(82.49216198921204, 1)
(83.01585388183594, 0)
(83.54557585716248, 1)
(84.05901885032654, 0)
(84.57137298583984, 1)
(85.08090496063232, 0)
(85.59639501571655, 0)
(86.10537481307983, 1)
(86.61432981491089, 0)
(87.15163588523865, 0)
(87.66199779510498, 0)
(88.18283987045288, 2)
(88.70582389831543, 1)
(89.22858381271362, 0)
(89.74886393547058, 1)
(90.26926684379578, 1)
(90.78795385360718, 0)
(91.30105900764465, 1)
(91.81708788871765, 0)
(92.3341498374939, 0)
(92.8570728302002, 0)
(93.37149596214294, 0)
(93.8877809047699, 0)
(94.40224981307983, 0)
(94.9240357875824, 0)
(95.47148084640503, 0)
(95.98224687576294, 1)
(96.49496293067932, 0)
(97.01483988761902, 0)
(97.53478479385376, 0)
(98.05841588973999, 0)
(98.5778329372406, 0)
(99.10332083702087, 1)
(99.62328481674194, 1)
(100.14313387870789, 0)
(100.6649878025055, 1)
(101.19216799736023, 1)
(101.7213089466095, 1)
(102.25224089622498, 0)
(102.76434278488159, 0)
(103.2886209487915, 1)
(103.81171989440918, 0)
(104.32888984680176, 0)
(104.84324598312378, 0)
(105.36744379997253, 0)
(105.88620495796204, 3)
(106.39965200424194, 1)
(106.92634987831116, 0)
(107.44981479644775, 1)
(107.97881484031677, 0)
(108.51660990715027, 0)
(109.03457379341125, 0)
(109.55242490768433, 0)
(110.05995297431946, 0)
(110.57694387435913, 2)
(111.09400987625122, 0)
(111.62850594520569, 1)
(112.13630986213684, 0)
(112.64792490005493, 0)
(113.17318487167358, 1)
(113.68061399459839, 0)
(114.18911790847778, 0)
(114.71481084823608, 0)
(115.24920392036438, 2)
(115.76675796508789, 0)
(116.29171180725098, 0)
(116.81962490081787, 1)
(117.33953380584717, 0)
(117.85419988632202, 2)
(118.37414884567261, 1)
(118.88956379890442, 0)
(119.41200590133667, 0)
(119.93026781082153, 2)
(120.44802689552307, 1)
(120.97747302055359, 0)
(121.49035000801086, 1)
(122.00326180458069, 0)
(122.51809692382812, 1)
(123.03097891807556, 1)
(123.55748987197876, 0)
(124.07137298583984, 0)
(124.57935190200806, 0)
(125.08858489990234, 1)
(125.60136985778809, 0)
(126.11612391471863, 1)
(126.63257479667664, 0)
(127.16565299034119, 0)
(127.69472789764404, 0)
(128.21545600891113, 0)
(128.74384188652039, 1)
(129.26588892936707, 0)
(129.79108881950378, 0)
(130.3136990070343, 1)
(130.82497882843018, 1)
(131.34051179885864, 0)
(131.85312581062317, 0)
(132.3628249168396, 0)
(132.88655996322632, 0)
(133.39936900138855, 2)
(133.915629863739, 0)
(134.42831301689148, 1)
(134.9515039920807, 1)
(135.4741358757019, 1)
(135.98271083831787, 0)
(136.4912769794464, 0)
(137.01389384269714, 0)
(137.52891087532043, 0)
(138.04896092414856, 0)
(138.57293391227722, 1)
(139.0984869003296, 1)
(139.62203192710876, 0)
(140.13952684402466, 1)
(140.6545388698578, 0)
(141.17974400520325, 0)
(141.69456100463867, 0)
(142.21117186546326, 1)
(142.751482963562, 0)
(143.27152585983276, 0)
(143.7916078567505, 0)
(144.30398988723755, 0)
(144.81910395622253, 0)
(145.33523893356323, 0)
(145.85064387321472, 0)
(146.3638789653778, 1)
(146.88385486602783, 0)
(147.39709901809692, 0)
(147.91307592391968, 0)
(148.44426584243774, 1)
(148.95399689674377, 0)
(149.4734869003296, 0)
(149.99251699447632, 0)
(150.51156282424927, 1)
(151.02729296684265, 0)
(151.54787492752075, 0)
(152.06514883041382, 0)
(152.58774089813232, 0)
(153.1031608581543, 0)
(153.62220692634583, 0)
(154.14125895500183, 0)
(154.6726529598236, 0)
(155.19687700271606, 0)
(155.76276993751526, 1)
(156.30435991287231, 0)
(156.82167601585388, 0)
(157.34585881233215, 0)
(157.86158895492554, 0)
(158.37518692016602, 0)
(158.88451480865479, 0)
(159.40786290168762, 0)
(159.92615795135498, 1)
(160.44342279434204, 0)
(160.96097493171692, 1)
(161.48121786117554, 0)
(162.00280094146729, 1)
(162.5218608379364, 0)
(163.03764700889587, 1)
(163.57234501838684, 0)
(164.10215401649475, 0)
(164.62731289863586, 0)
(165.13882684707642, 0)
(165.6583468914032, 0)
(166.17438983917236, 0)
(166.69350290298462, 0)
(167.21562385559082, 0)
(167.7346909046173, 0)
(168.25838780403137, 1)
(168.77743983268738, 0)
(169.29501485824585, 0)
(169.8080039024353, 0)
(170.32703399658203, 0)
(170.8429889678955, 0)
(171.35464787483215, 0)
(171.88195180892944, 1)
(172.4133598804474, 1)
(172.94306087493896, 0)
(173.4607288837433, 1)
(173.97994184494019, 0)
(174.4959578514099, 0)
(175.0099699497223, 0)
(175.52374291419983, 0)
(176.03613185882568, 0)
(176.55365586280823, 0)
(177.08435988426208, 1)
(177.62503480911255, 1)
(178.14209389686584, 0)
(178.6563699245453, 2)
(179.17625880241394, 0)
(179.69646883010864, 0)
(180.2166588306427, 0)
(180.74008989334106, 0)
(181.26078987121582, 0)
(181.7741777896881, 0)
(182.2912118434906, 0)
(182.80359292030334, 0)
(183.31750893592834, 1)
(183.84307384490967, 0)
(184.37208080291748, 0)
(184.88604283332825, 0)
(185.4140739440918, 0)
(185.94057393074036, 0)
(186.4570369720459, 0)
(186.9665207862854, 0)
(187.48015689849854, 2)
(187.99222493171692, 1)
(188.5249729156494, 1)
(189.03860688209534, 1)
(189.55134987831116, 0)
(190.06035900115967, 1)
(190.56795501708984, 1)
(191.09426283836365, 1)
(191.60338187217712, 0)
(192.1172227859497, 0)
(192.656329870224, 0)
(193.17567586898804, 0)
(193.6984589099884, 0)
(194.21620893478394, 0)
(194.73086500167847, 0)
(195.25557589530945, 0)
(195.7753038406372, 1)
(196.28697991371155, 1)
(196.80969882011414, 0)
(197.32841396331787, 0)
(197.84215593338013, 0)
(198.37399697303772, 1)
(198.90249180793762, 1)
(199.42990279197693, 0)
(199.96714901924133, 0)
(200.49158000946045, 2)
(201.0033140182495, 0)
(201.5101969242096, 0)
(202.0317358970642, 0)
(202.54045701026917, 0)
(203.06520986557007, 0)
(203.58287000656128, 0)
(204.10680484771729, 0)
(204.6316978931427, 1)
(205.14204788208008, 2)
(205.65367197990417, 0)
(206.17362594604492, 0)
(206.68256783485413, 0)
(207.1901159286499, 0)
(207.6976318359375, 2)
(208.21759295463562, 1)
(208.72513699531555, 0)
(209.2409520149231, 0)
(209.75535798072815, 0)
(210.2629668712616, 0)
(210.77160596847534, 1)
(211.2795398235321, 0)
(211.79208087921143, 0)
(212.30640697479248, 0)
(212.83810901641846, 0)
(213.35572290420532, 0)
(213.86829090118408, 1)
(214.37583684921265, 1)
(214.8951849937439, 1)
(215.41042494773865, 1)
(215.96438479423523, 1)
(216.49678897857666, 0)
(217.01443195343018, 1)
(217.52663278579712, 0)
(218.066321849823, 0)
(218.58807682991028, 0)
(219.1034607887268, 1)
(219.62195992469788, 0)
(220.14439392089844, 2)
(220.66391801834106, 0)
(221.17430901527405, 0)
(221.69895195960999, 0)
(222.21238899230957, 0)
(222.72578692436218, 0)
(223.23930597305298, 0)
(223.77497792243958, 1)
(224.30756783485413, 0)
(224.83204293251038, 2)
(225.35012698173523, 0)
(225.87331700325012, 1)
(226.38679790496826, 1)
(226.90539979934692, 0)
(227.42818593978882, 0)
(227.94358801841736, 0)
(228.4714708328247, 1)
(228.98485398292542, 0)
(229.49190402030945, 0)
(230.01736092567444, 0)
(230.53034687042236, 0)
(231.07212090492249, 0)
(231.59199690818787, 1)
(232.10153484344482, 0)
(232.61498880386353, 1)
(233.12331080436707, 0)
(233.63031697273254, 0)
(234.13858199119568, 0)
(234.64693593978882, 0)
(235.15649795532227, 0)
(235.6746428012848, 1)
(236.23192381858826, 0)
(236.7690680027008, 0)
(237.2820827960968, 1)
(237.7901029586792, 1)
(238.2981309890747, 0)
(238.80616688728333, 1)
(239.33932185173035, 0)
(239.86520195007324, 0)
(240.37698101997375, 0)
(240.88755989074707, 0)
(241.401930809021, 0)
(241.93265891075134, 0)
(242.46595788002014, 0)
(243.0039939880371, 0)
(243.54506182670593, 1)
(244.07546591758728, 0)
(244.61770486831665, 0)
(245.14692282676697, 2)
(245.6642348766327, 0)
(246.17763686180115, 0)
(246.6998529434204, 0)
(247.23875093460083, 0)
(247.7667579650879, 1)
(248.28638195991516, 0)
(248.80363583564758, 0)
(249.32094287872314, 0)
(249.84314393997192, 0)
(250.36208701133728, 2)
(250.88567280769348, 1)
(251.41411590576172, 1)
(251.9388449192047, 0)
(252.46004486083984, 0)
(253.0308449268341, 0)
(253.55449390411377, 0)
(254.07927298545837, 2)
(254.59446096420288, 0)
(255.11055493354797, 1)
(255.62521195411682, 1)
(256.13937497138977, 0)
(256.67085099220276, 0)
(257.1944580078125, 0)
(257.72243785858154, 0)
(258.2356708049774, 0)
(258.75862884521484, 0)
(259.27831983566284, 0)
(259.7922098636627, 0)
(260.31021189689636, 0)
(260.8300778865814, 2)
(261.3842508792877, 1)
(261.90368390083313, 0)
(262.42083978652954, 0)
(262.9298679828644, 0)
(263.4450218677521, 0)
(263.95639991760254, 0)
(264.4733588695526, 0)
(265.00517201423645, 0)
(265.5234479904175, 0)
(266.0363528728485, 0)
(266.5473449230194, 0)
(267.0619888305664, 1)
(267.5873098373413, 1)
(268.0941209793091, 0)
(268.60979080200195, 0)
(269.126042842865, 1)
(269.6450138092041, 0)
(270.1671140193939, 0)
(270.68584299087524, 1)
(271.2125368118286, 0)
(271.72526693344116, 0)
(272.24288392066956, 1)
(272.76768493652344, 0)
(273.28295493125916, 0)
(273.81193685531616, 0)
(274.3249340057373, 0)
(274.84419798851013, 2)
(275.3893299102783, 0)
(275.9050178527832, 0)
(276.4219379425049, 0)
(276.93758893013, 1)
(277.4533839225769, 0)
(277.9615499973297, 0)
(278.4743299484253, 1)
(278.9891698360443, 1)
(279.508416891098, 0)
(280.03063583374023, 0)
(280.53989601135254, 0)
(281.060564994812, 0)
(281.57838797569275, 1)
(282.10366201400757, 0)
(282.6427249908447, 0)
(283.15503191947937, 1)
(283.66977095603943, 0)
(284.1790609359741, 0)
(284.68832087516785, 0)
(285.1961510181427, 0)
(285.72983384132385, 0)
(286.2461338043213, 0)
(286.7797780036926, 0)
(287.29904294013977, 0)
(287.8198130130768, 0)
(288.33862495422363, 3)
(288.8512918949127, 1)
(289.36757588386536, 0)
(289.8882977962494, 0)
(290.4104688167572, 0)
(290.93400287628174, 0)
(291.4519028663635, 0)
(291.9715359210968, 0)
(292.49110293388367, 0)
(293.00979590415955, 0)
(293.53340888023376, 0)
(294.0540819168091, 2)
(294.591365814209, 1)
(295.1012167930603, 0)
(295.6291329860687, 1)
(296.1497859954834, 0)
(296.66907596588135, 1)
(297.19135880470276, 2)
(297.72007489204407, 1)
(298.24551701545715, 0)
(298.77194595336914, 1)
(299.2931318283081, 0)
(299.8019587993622, 1)
(300.31401896476746, 0)
(300.83318185806274, 1)
(301.35879492759705, 0)
(301.889328956604, 0)
(302.3959119319916, 0)
(302.92147397994995, 0)
(303.43496680259705, 0)
(303.9595799446106, 0)
(304.47055196762085, 0)
(304.9976599216461, 0)
(305.51603293418884, 0)
(306.03324580192566, 0)
(306.5517039299011, 0)
(307.06752490997314, 0)
(307.5884988307953, 0)
(308.1155848503113, 0)
(308.6403338909149, 0)
(309.1624798774719, 0)
(309.69119596481323, 0)
(310.21910285949707, 1)
(310.73774695396423, 1)
(311.24424600601196, 0)
(311.7529468536377, 0)
(312.26524782180786, 0)
(312.7735879421234, 0)
(313.28331685066223, 0)
(313.79201078414917, 0)
(314.3037350177765, 0)
(314.81506085395813, 0)
(315.33216094970703, 0)
(315.86289501190186, 0)
(316.38282084465027, 1)
(316.91025495529175, 0)
(317.4349830150604, 2)
(317.9507420063019, 0)
(318.4654219150543, 0)
(319.0030689239502, 0)
(319.5197968482971, 0)
(320.03649497032166, 0)
(320.5452218055725, 0)
(321.0580759048462, 0)
(321.57467794418335, 0)
(322.0863399505615, 0)
(322.6010649204254, 0)
(323.11677289009094, 0)
(323.64445090293884, 0)
(324.1512248516083, 0)
(324.6700758934021, 0)
(325.1913239955902, 0)
(325.71061992645264, 2)
(326.2388858795166, 1)
(326.7553129196167, 0)
(327.27631282806396, 0)
(327.8000569343567, 0)
(328.322625875473, 0)
(328.85507798194885, 1)
(329.3793799877167, 0)
(329.9100430011749, 0)
(330.4343478679657, 0)
(330.9504678249359, 0)
(331.4665448665619, 0)
(331.98756098747253, 0)
(332.50699281692505, 1)
(333.0295498371124, 0)
(333.5521810054779, 1)
(334.07155084609985, 0)
(334.5959048271179, 0)
(335.1266038417816, 2)
(335.6492099761963, 0)
(336.1604549884796, 0)
(336.67178201675415, 1)
(337.191015958786, 0)
(337.7103798389435, 0)
(338.2314360141754, 0)
(338.7443058490753, 0)
(339.2638428211212, 1)
(339.7775709629059, 1)
(340.2871367931366, 1)
(340.8100118637085, 0)
(341.3293569087982, 0)
(341.84537291526794, 0)
(342.3813228607178, 1)
(342.9067838191986, 1)
(343.42623591423035, 0)
(343.93222999572754, 0)
(344.4510929584503, 1)
(344.9643077850342, 1)
(345.47933888435364, 0)
(345.9981849193573, 1)
(346.5057179927826, 1)
(347.01436495780945, 0)
(347.522784948349, 0)
(348.0309958457947, 1)
(348.53934693336487, 0)
(349.0640959739685, 1)
(349.5835099220276, 0)
(350.105507850647, 0)
(350.626179933548, 0)
(351.1464579105377, 2)
(351.6723039150238, 0)
(352.19733691215515, 0)
(352.71716499328613, 1)
(353.2439708709717, 0)
(353.7650167942047, 0)
(354.29302883148193, 0)
(354.81038093566895, 0)
(355.3276858329773, 1)
(355.84981894493103, 0)
(356.37121391296387, 0)
(356.8924798965454, 0)
(357.4148108959198, 0)
(357.93509697914124, 1)
(358.4561948776245, 1)
(358.97834491729736, 1)
(359.4987509250641, 0)
(360.02828884124756, 0)
(360.5531098842621, 0)
(361.08599185943604, 0)
(361.594673871994, 0)
(362.13767194747925, 0)
(362.66225600242615, 1)
(363.1880979537964, 0)
(363.7096679210663, 0)
(364.22838282585144, 1)
(364.75022888183594, 4)
(365.25919580459595, 0)
(365.7668228149414, 0)
(366.29547595977783, 1)
(366.8042149543762, 0)
(367.3234260082245, 1)
(367.8468129634857, 0)
(368.3652889728546, 0)
(368.87697291374207, 0)
(369.3860499858856, 0)
(369.9153559207916, 0)
(370.4231448173523, 0)
(370.94304394721985, 0)
(371.4628119468689, 0)
(371.9832639694214, 0)
(372.50695395469666, 0)
(373.0346579551697, 2)
(373.5563349723816, 0)
(374.0670700073242, 0)
(374.5757598876953, 0)
(375.09452390670776, 2)
(375.6282138824463, 1)
(376.14586091041565, 0)
(376.65860390663147, 0)
(377.17733883857727, 0)
(377.69303798675537, 0)
(378.21474599838257, 0)
(378.73445296287537, 1)
(379.2591669559479, 0)
(379.7788829803467, 1)
(380.2965669631958, 0)
(380.8202278614044, 0)
(381.346941947937, 2)
(381.870178937912, 0)
(382.4243748188019, 1)
(382.94373297691345, 0)
(383.471745967865, 0)
(383.9864490032196, 0)
(384.51326298713684, 0)
(385.0346348285675, 1)
(385.5532639026642, 0)
(386.081396818161, 0)
(386.6054627895355, 1)
(387.11873483657837, 0)
(387.6468539237976, 1)
(388.15999698638916, 2)
(388.6745538711548, 0)
(389.2014060020447, 1)
(389.7404019832611, 3)
(390.26349782943726, 0)
(390.78293085098267, 0)
(391.30162501335144, 2)
(391.8272500038147, 0)
(392.3432219028473, 0)
(392.8633499145508, 0)
(393.38076996803284, 0)
(393.89954686164856, 0)
(394.4218227863312, 0)
(394.9446368217468, 1)
(395.4647970199585, 1)
(395.98357701301575, 0)
(396.5117700099945, 0)
(397.04813385009766, 1)
(397.5668959617615, 0)
(398.0910668373108, 0)
(398.6098380088806, 0)
(399.1272759437561, 0)
(399.6474139690399, 0)
(400.16752099990845, 0)
(400.6822907924652, 0)
(401.2023718357086, 0)
(401.7319757938385, 0)
(402.2535138130188, 0)
(402.7759368419647, 0)
(403.29695892333984, 0)
(403.815691947937, 0)
(404.3354859352112, 0)
(404.8600778579712, 0)
(405.3834948539734, 0)
(405.90451097488403, 0)
(406.432678937912, 0)
(406.96556186676025, 0)
(407.49366188049316, 0)
(408.00760078430176, 0)
(408.5358347892761, 0)
(409.05441093444824, 1)
(409.57971000671387, 1)
(410.0965678691864, 1)
(410.62458992004395, 0)
(411.14389991760254, 0)
(411.65919399261475, 0)
(412.1793329715729, 0)
(412.7027928829193, 0)
(413.2196807861328, 0)
(413.7379848957062, 0)
(414.25163888931274, 0)
(414.7719008922577, 0)
(415.30342197418213, 1)
(415.8542129993439, 1)
(416.3716769218445, 0)
(416.8901529312134, 1)
(417.398885011673, 0)
(417.9141228199005, 0)
(418.4508719444275, 0)
(418.97581791877747, 0)
(419.4905250072479, 0)
(420.0128757953644, 0)
(420.53467297554016, 0)
(421.063768863678, 0)
(421.5848569869995, 1)
(422.1044487953186, 0)
(422.63652300834656, 0)
(423.16900181770325, 1)
(423.675509929657, 0)
(424.1910548210144, 1)
(424.7103238105774, 0)
(425.2245669364929, 0)
(425.7378759384155, 0)
(426.2563238143921, 0)
(426.77121782302856, 1)
(427.2911148071289, 1)
(427.8085877895355, 0)
(428.3311219215393, 1)
(428.8561508655548, 0)
(429.3752748966217, 1)
(429.8962309360504, 0)
(430.42122197151184, 0)
(430.9489939212799, 1)
(431.46671080589294, 0)
(431.98203587532043, 0)
(432.49908781051636, 0)
(433.0139129161835, 0)
(433.5344088077545, 0)
(434.05014991760254, 2)
(434.568815946579, 0)
(435.09377098083496, 0)
(435.6107099056244, 0)
(436.1339988708496, 1)
(436.64955592155457, 0)
(437.1743588447571, 1)
(437.7007567882538, 0)
(438.2210838794708, 0)
(438.745157957077, 0)
(439.26923298835754, 0)
(439.7875738143921, 1)
(440.3117289543152, 0)
(440.8442349433899, 1)
(441.36549186706543, 0)
(441.8881058692932, 0)
(442.41503286361694, 0)
(442.944787979126, 0)
(443.4718849658966, 0)
(444.00286984443665, 1)
(444.511421918869, 1)
(445.0381989479065, 0)
(445.572212934494, 0)
(446.09344387054443, 0)
(446.61043095588684, 0)
(447.13138484954834, 1)
(447.64729285240173, 0)
(448.172593832016, 1)
(448.6945598125458, 0)
(449.21590089797974, 0)
(449.7355408668518, 0)
(450.2610638141632, 0)
(450.7886118888855, 0)
(451.3162159919739, 0)
(451.8436939716339, 0)
(452.38877391815186, 0)
(452.9304039478302, 0)
(453.44997382164, 1)
(453.96693181991577, 3)
(454.4872817993164, 0)
(455.0050139427185, 0)
(455.5226049423218, 0)
(456.0456647872925, 0)
(456.57347989082336, 0)
(457.09436893463135, 1)
(457.6170618534088, 0)
(458.1363389492035, 0)
(458.6590898036957, 1)
(459.16508197784424, 0)
(459.6881489753723, 0)
(460.2073907852173, 0)
(460.71627378463745, 0)
(461.2398188114166, 0)
(461.7637128829956, 0)
(462.27938199043274, 1)
(462.79644680023193, 1)
(463.3094928264618, 1)
(463.8305609226227, 0)
(464.34490990638733, 0)
(464.8605988025665, 1)
(465.3816509246826, 1)
(465.90911293029785, 0)
(466.42612385749817, 0)
(466.94981598854065, 0)
(467.46956992149353, 0)
(467.98262786865234, 0)
(468.4970028400421, 0)
(469.01799297332764, 0)
(469.53509187698364, 1)
(470.05742597579956, 0)
(470.57709097862244, 1)
(471.0978858470917, 0)
(471.6296088695526, 1)
(472.14415884017944, 1)
(472.6550188064575, 0)
(473.1748068332672, 1)
(473.69121193885803, 1)
(474.2143609523773, 0)
(474.7351498603821, 0)
(475.2586009502411, 1)
(475.77925395965576, 0)
(476.2951469421387, 1)
(476.82684993743896, 0)
(477.34959387779236, 1)
(477.8738257884979, 0)
(478.3907849788666, 0)
(478.90756583213806, 1)
(479.41694593429565, 0)
(479.9382338523865, 0)
(480.4558138847351, 0)
(480.97787594795227, 1)
(481.50060987472534, 0)
(482.01893401145935, 0)
(482.5372529029846, 0)
(483.0583930015564, 0)
(483.58723282814026, 0)
(484.10393381118774, 1)
(484.6164798736572, 1)
(485.1333119869232, 0)
(485.6542999744415, 0)
(486.17096185684204, 0)
(486.6920919418335, 0)
(487.21196699142456, 0)
(487.7318239212036, 0)
(488.25436902046204, 0)
(488.77683901786804, 0)
(489.2981479167938, 0)
(489.81524991989136, 1)
(490.33774495124817, 0)
(490.8567500114441, 1)
(491.37261295318604, 0)
(491.89105582237244, 1)
(492.41290283203125, 1)
(492.9216248989105, 1)
(493.4303069114685, 0)
(493.9570298194885, 2)
(494.46476793289185, 1)
(494.98646998405457, 0)
(495.51110196113586, 0)
(496.0292580127716, 0)
(496.5380368232727, 0)
(497.04686188697815, 0)
(497.56171679496765, 1)
(498.083331823349, 1)
(498.5909209251404, 0)
(499.0985767841339, 1)
(499.61674880981445, 1)
(500.1373507976532, 1)
(500.6591339111328, 0)
(501.18555879592896, 1)
(501.7049629688263, 0)
(502.2290849685669, 1)
(502.74843883514404, 1)
(503.27257680892944, 0)
(503.79712080955505, 0)
(504.3213138580322, 1)
(504.83833384513855, 0)
(505.358934879303, 0)
(505.87947392463684, 0)
(506.40242290496826, 0)
(506.9281828403473, 1)
(507.4380249977112, 0)
(507.9606659412384, 0)
(508.481467962265, 0)
(509.00399589538574, 0)
(509.53132700920105, 0)
(510.05803179740906, 0)
(510.58288192749023, 0)
(511.09826588630676, 1)
(511.6225218772888, 1)
(512.1422388553619, 0)
(512.6507878303528, 0)
(513.1906340122223, 2)
(513.7112009525299, 0)
(514.2286398410797, 0)
(514.7678029537201, 0)
(515.285484790802, 1)
(515.8097608089447, 0)
(516.3338458538055, 1)
(516.8422617912292, 3)
(517.3555629253387, 1)
(517.8761239051819, 0)
(518.3890278339386, 0)
(518.8977289199829, 0)
(519.412230014801, 0)
(519.9206168651581, 0)
(520.4290227890015, 0)
(520.937392950058, 0)
(521.445611000061, 0)
(521.9593608379364, 0)
(522.4831478595734, 0)
(522.9969439506531, 0)
(523.5120708942413, 1)
(524.0416429042816, 0)
(524.5606908798218, 0)
(525.0829379558563, 0)
(525.6188127994537, 0)
(526.1368868350983, 0)
(526.6551899909973, 0)
(527.1645419597626, 1)
(527.687421798706, 0)
(528.2185118198395, 0)
(528.7660238742828, 0)
(529.2930459976196, 2)
(529.8171339035034, 0)
(530.3338549137115, 0)
(530.853542804718, 0)
(531.3644099235535, 0)
(531.8840939998627, 0)
(532.4066779613495, 2)
(532.9326229095459, 0)
(533.4607028961182, 2)
(533.9830758571625, 1)
(534.4950280189514, 0)
(535.0136888027191, 0)
(535.5418388843536, 0)
(536.0661818981171, 0)
(536.5826139450073, 0)
(537.0978479385376, 1)
(537.6208138465881, 0)
(538.1386950016022, 0)
(538.6616659164429, 0)
(539.1807157993317, 0)
(539.7037010192871, 0)
(540.2266499996185, 0)
(540.7419009208679, 2)
(541.26056599617, 0)
(541.7859408855438, 2)
(542.3152368068695, 1)
(542.8382539749146, 0)
(543.3519668579102, 1)
(543.8598749637604, 1)
(544.3811848163605, 0)
(544.9030759334564, 0)
(545.4307458400726, 1)
(545.9513828754425, 0)
(546.4867379665375, 0)
(547.0255208015442, 1)
(547.54856300354, 0)
(548.0704169273376, 1)
(548.5911138057709, 0)
(549.1047348976135, 2)
(549.6254439353943, 0)
(550.1484580039978, 0)
(550.6726949214935, 0)
(551.1910378932953, 0)
(551.7064809799194, 0)
(552.2352068424225, 1)
(552.7487878799438, 0)
(553.2594878673553, 1)
(553.7859318256378, 0)
(554.318559885025, 1)
(554.845452785492, 0)
(555.3590779304504, 2)
(555.8760008811951, 0)
(556.3934459686279, 1)
(556.9261639118195, 0)
(557.4388689994812, 0)
(557.9534938335419, 0)
(558.4777059555054, 0)
(558.9938387870789, 0)
(559.5148499011993, 0)
(560.0261538028717, 1)
(560.538959980011, 1)
(561.0633180141449, 0)
(561.5825159549713, 0)
(562.0969848632812, 0)
(562.6280519962311, 0)
(563.1617558002472, 1)
(563.6762847900391, 0)
(564.1922988891602, 1)
(564.7080678939819, 0)
(565.2354769706726, 0)
(565.7667849063873, 0)
(566.2893068790436, 0)
(566.8076918125153, 0)
(567.320286989212, 0)
(567.8309597969055, 0)
(568.3404548168182, 0)
(568.854015827179, 1)
(569.3758339881897, 3)
(569.8926358222961, 0)
(570.4005038738251, 1)
(570.9259397983551, 1)
(571.445524930954, 1)
(571.9524610042572, 1)
(572.4628047943115, 1)
(572.981122970581, 1)
(573.4948480129242, 0)
(574.0180377960205, 0)
(574.5735847949982, 0)
(575.1173529624939, 0)
(575.6499109268188, 0)
(576.1635529994965, 0)
(576.6881058216095, 0)
(577.2041230201721, 0)
(577.7231419086456, 1)
(578.23916888237, 0)
(578.759917974472, 0)
(579.2770090103149, 0)
(579.7987878322601, 0)
(580.3294179439545, 2)
(580.8574459552765, 1)
(581.3736319541931, 0)
(581.8972959518433, 0)
(582.411623954773, 1)
(582.9276878833771, 0)
(583.4404458999634, 0)
(583.9548799991608, 1)
(584.4723048210144, 0)
(585.0005939006805, 0)
(585.5227689743042, 0)
(586.054426908493, 0)
(586.5913019180298, 1)
(587.1446239948273, 2)
(587.6627538204193, 1)
(588.1808497905731, 0)
(588.6962909698486, 0)
(589.2185618877411, 0)
(589.7353508472443, 0)
(590.2507359981537, 0)
(590.7665297985077, 0)
(591.28293800354, 0)
(591.803811788559, 0)
(592.3277118206024, 0)
(592.8550479412079, 0)
(593.3718819618225, 0)
(593.8845338821411, 0)
(594.3999218940735, 1)
(594.9140138626099, 0)
(595.4348750114441, 0)
(595.9502940177917, 0)
(596.4676129817963, 0)
(596.9779448509216, 1)
(597.5197808742523, 0)
(598.0451729297638, 0)
(598.5572018623352, 0)
(599.0901489257812, 0)
(599.61869597435, 0)
(600.1394557952881, 1)
(600.6612679958344, 0)
(601.1779978275299, 0)
(601.6989188194275, 0)
(602.2234058380127, 0)
(602.7443089485168, 1)
(603.2598698139191, 0)
(603.7790198326111, 0)
(604.2927968502045, 0)
(604.8101899623871, 0)
(605.3293898105621, 0)
(605.846638917923, 1)
(606.3683018684387, 0)
(606.8818929195404, 0)
(607.404956817627, 0)
(607.953341960907, 0)
(608.4686069488525, 0)
(608.9871699810028, 0)
(609.5017359256744, 1)
(610.0161309242249, 0)
(610.5334808826447, 0)
(611.0583498477936, 1)
(611.5760388374329, 1)
(612.0951709747314, 0)
(612.612382888794, 1)
(613.1260688304901, 1)
(613.6497328281403, 0)
(614.169440984726, 1)
(614.6887969970703, 0)
(615.2090458869934, 1)
(615.7286698818207, 1)
(616.2713968753815, 0)
(616.7853908538818, 0)
(617.2958369255066, 0)
(617.820634841919, 1)
(618.3311128616333, 0)
(618.8433079719543, 0)
(619.3626937866211, 0)
(619.8767838478088, 0)
(620.3979489803314, 0)
(620.9155328273773, 1)
(621.4439058303833, 0)
(621.9793939590454, 0)
(622.4916908740997, 0)
(623.0399339199066, 0)
(623.5717389583588, 0)
