(0, 0)
(0.500856876373291, 7)
(1.029649019241333, 36)
(1.5519659519195557, 12)
(2.0765938758850098, 5)
(2.5941388607025146, 3)
(3.115050792694092, 3)
(3.6467440128326416, 17)
(4.162177801132202, 0)
(4.685847997665405, 0)
(5.2052319049835205, 0)
(5.727897882461548, 0)
(6.2609028816223145, 0)
(6.797055006027222, 11)
(7.31977391242981, 14)
(7.831364870071411, 22)
(8.352352857589722, 13)
(8.865091800689697, 14)
(9.379717826843262, 24)
(9.898820877075195, 4)
(10.416984796524048, 35)
(10.938402891159058, 13)
(11.452075958251953, 3)
(11.967962980270386, 2)
(12.483120918273926, 2)
(12.999826908111572, 10)
(13.518536806106567, 2)
(14.03925085067749, 28)
(14.551333904266357, 6)
(15.065783977508545, 9)
(15.583388805389404, 29)
(16.096410989761353, 5)
(16.615656852722168, 4)
(17.131552934646606, 4)
(17.65057396888733, 2)
(18.171096801757812, 17)
(18.6871337890625, 11)
(19.206106901168823, 3)
(19.71867799758911, 19)
(20.24277400970459, 18)
(20.76777696609497, 4)
(21.29101800918579, 6)
(21.806744813919067, 16)
(22.314531803131104, 2)
(22.82490301132202, 9)
(23.332599878311157, 3)
(23.84168791770935, 2)
(24.354800939559937, 2)
(24.863794803619385, 2)
(25.376845836639404, 0)
(25.89789080619812, 14)
(26.405646800994873, 28)
(26.921345949172974, 19)
(27.445096015930176, 11)
(27.96742081642151, 11)
(28.481923818588257, 6)
(28.99716091156006, 5)
(29.516069889068604, 17)
(30.036908864974976, 0)
(30.579309940338135, 5)
(31.102958917617798, 19)
(31.633243799209595, 2)
(32.150293827056885, 2)
(32.668625831604004, 21)
(33.17538595199585, 9)
(33.690202951431274, 9)
(34.22347092628479, 5)
(34.763476848602295, 9)
(35.31693482398987, 5)
(35.828935861587524, 18)
(36.34761190414429, 5)
(36.876386880874634, 13)
(37.4085898399353, 5)
(37.936444997787476, 4)
(38.45375680923462, 4)
(38.969801902770996, 7)
(39.494982957839966, 6)
(40.0189368724823, 2)
(40.545387983322144, 13)
(41.06536388397217, 5)
(41.585909843444824, 3)
(42.09929299354553, 1)
(42.61138582229614, 11)
(43.128445863723755, 2)
(43.64597201347351, 2)
(44.176724910736084, 2)
(44.69184589385986, 0)
(45.212443828582764, 0)
(45.7273588180542, 0)
(46.24748086929321, 0)
(46.75892496109009, 0)
(47.27735090255737, 0)
(47.805115938186646, 0)
(48.32561683654785, 6)
(48.85133981704712, 18)
(49.38367700576782, 3)
(49.90079092979431, 25)
(50.425532817840576, 4)
(50.941481828689575, 3)
(51.45667386054993, 3)
(51.97516393661499, 26)
(52.494722843170166, 2)
(53.01116681098938, 25)
(53.53417181968689, 4)
(54.05381989479065, 4)
(54.58760690689087, 27)
(55.1142258644104, 11)
(55.63726782798767, 12)
(56.15695881843567, 2)
(56.67301392555237, 2)
(57.18572187423706, 3)
(57.71334981918335, 24)
(58.235782861709595, 21)
(58.743891954422, 31)
(59.263749837875366, 3)
(59.78085684776306, 2)
(60.29557180404663, 2)
(60.80348801612854, 17)
(61.31155586242676, 0)
(61.823606967926025, 0)
(62.338156938552856, 0)
(62.8632128238678, 0)
(63.38824391365051, 0)
(63.904146909713745, 5)
(64.42188286781311, 19)
(64.94637298583984, 2)
(65.47384595870972, 31)
(65.99787282943726, 15)
(66.55164790153503, 7)
(67.08966493606567, 6)
(67.6224718093872, 6)
(68.14448595046997, 4)
(68.65988087654114, 2)
(69.17460799217224, 0)
(69.69308495521545, 0)
(70.20739889144897, 5)
(70.71544098854065, 2)
(71.24189686775208, 9)
(71.75206899642944, 4)
(72.26428580284119, 13)
(72.77360081672668, 22)
(73.285484790802, 10)
(73.801029920578, 11)
(74.32274293899536, 6)
(74.83142495155334, 16)
(75.33914494514465, 18)
(75.846843957901, 10)
(76.35457301139832, 3)
(76.86329889297485, 15)
(77.37100481987, 0)
(77.87872886657715, 5)
(78.38941192626953, 2)
(78.89917492866516, 2)
(79.41087889671326, 2)
(79.92157793045044, 16)
(80.43125891685486, 20)
(80.93898701667786, 7)
(81.46250295639038, 8)
(81.97042489051819, 16)
(82.49216198921204, 9)
(83.01585388183594, 4)
(83.54557585716248, 19)
(84.05901885032654, 0)
(84.57137298583984, 28)
(85.08090496063232, 2)
(85.59639501571655, 2)
(86.10537481307983, 8)
(86.61432981491089, 8)
(87.15163588523865, 5)
(87.66199779510498, 11)
(88.18283987045288, 35)
(88.70582389831543, 15)
(89.22858381271362, 13)
(89.74886393547058, 31)
(90.26926684379578, 4)
(90.78795385360718, 2)
(91.30105900764465, 1)
(91.81708788871765, 0)
(92.3341498374939, 0)
(92.8570728302002, 7)
(93.37149596214294, 2)
(93.8877809047699, 16)
(94.40224981307983, 6)
(94.9240357875824, 6)
(95.47148084640503, 5)
(95.98224687576294, 4)
(96.49496293067932, 8)
(97.01483988761902, 2)
(97.53478479385376, 2)
(98.05841588973999, 7)
(98.5778329372406, 10)
(99.10332083702087, 7)
(99.62328481674194, 11)
(100.14313387870789, 2)
(100.6649878025055, 2)
(101.19216799736023, 23)
(101.7213089466095, 11)
(102.25224089622498, 0)
(102.76434278488159, 0)
(103.2886209487915, 25)
(103.81171989440918, 4)
(104.32888984680176, 19)
(104.84324598312378, 6)
(105.36744379997253, 6)
(105.88620495796204, 23)
(106.39965200424194, 19)
(106.92634987831116, 7)
(107.44981479644775, 10)
(107.97881484031677, 6)
(108.51660990715027, 2)
(109.03457379341125, 2)
(109.55242490768433, 8)
(110.05995297431946, 11)
(110.57694387435913, 29)
(111.09400987625122, 2)
(111.62850594520569, 38)
(112.13630986213684, 4)
(112.64792490005493, 4)
(113.17318487167358, 3)
(113.68061399459839, 2)
(114.18911790847778, 0)
(114.71481084823608, 12)
(115.24920392036438, 39)
(115.76675796508789, 9)
(116.29171180725098, 6)
(116.81962490081787, 6)
(117.33953380584717, 14)
(117.85419988632202, 35)
(118.37414884567261, 23)
(118.88956379890442, 11)
(119.41200590133667, 36)
(119.93026781082153, 23)
(120.44802689552307, 16)
(120.97747302055359, 17)
(121.49035000801086, 9)
(122.00326180458069, 1)
(122.51809692382812, 13)
(123.03097891807556, 10)
(123.55748987197876, 3)
(124.07137298583984, 6)
(124.57935190200806, 0)
(125.08858489990234, 19)
(125.60136985778809, 0)
(126.11612391471863, 17)
(126.63257479667664, 0)
(127.16565299034119, 0)
(127.69472789764404, 0)
(128.21545600891113, 0)
(128.74384188652039, 17)
(129.26588892936707, 10)
(129.79108881950378, 4)
(130.3136990070343, 19)
(130.82497882843018, 6)
(131.34051179885864, 2)
(131.85312581062317, 2)
(132.3628249168396, 2)
(132.88655996322632, 2)
(133.39936900138855, 46)
(133.915629863739, 24)
(134.42831301689148, 13)
(134.9515039920807, 9)
(135.4741358757019, 19)
(135.98271083831787, 4)
(136.4912769794464, 11)
(137.01389384269714, 2)
(137.52891087532043, 2)
(138.04896092414856, 2)
(138.57293391227722, 8)
(139.0984869003296, 10)
(139.62203192710876, 4)
(140.13952684402466, 13)
(140.6545388698578, 0)
(141.17974400520325, 0)
(141.69456100463867, 1)
(142.21117186546326, 16)
(142.751482963562, 0)
(143.27152585983276, 5)
(143.7916078567505, 2)
(144.30398988723755, 8)
(144.81910395622253, 4)
(145.33523893356323, 4)
(145.85064387321472, 19)
(146.3638789653778, 3)
(146.88385486602783, 1)
(147.39709901809692, 0)
(147.91307592391968, 7)
(148.44426584243774, 20)
(148.95399689674377, 9)
(149.4734869003296, 4)
(149.99251699447632, 4)
(150.51156282424927, 3)
(151.02729296684265, 2)
(151.54787492752075, 0)
(152.06514883041382, 0)
(152.58774089813232, 0)
(153.1031608581543, 0)
(153.62220692634583, 0)
(154.14125895500183, 12)
(154.6726529598236, 4)
(155.19687700271606, 8)
(155.76276993751526, 4)
(156.30435991287231, 2)
(156.82167601585388, 2)
(157.34585881233215, 1)
(157.86158895492554, 5)
(158.37518692016602, 2)
(158.88451480865479, 2)
(159.40786290168762, 2)
(159.92615795135498, 19)
(160.44342279434204, 8)
(160.96097493171692, 10)
(161.48121786117554, 0)
(162.00280094146729, 17)
(162.5218608379364, 0)
(163.03764700889587, 17)
(163.57234501838684, 0)
(164.10215401649475, 0)
(164.62731289863586, 0)
(165.13882684707642, 6)
(165.6583468914032, 2)
(166.17438983917236, 12)
(166.69350290298462, 4)
(167.21562385559082, 9)
(167.7346909046173, 4)
(168.25838780403137, 3)
(168.77743983268738, 2)
(169.29501485824585, 7)
(169.8080039024353, 3)
(170.32703399658203, 2)
(170.8429889678955, 2)
(171.35464787483215, 10)
(171.88195180892944, 10)
(172.4133598804474, 19)
(172.94306087493896, 15)
(173.4607288837433, 8)
(173.97994184494019, 2)
(174.4959578514099, 2)
(175.0099699497223, 2)
(175.52374291419983, 5)
(176.03613185882568, 9)
(176.55365586280823, 3)
(177.08435988426208, 37)
(177.62503480911255, 10)
(178.14209389686584, 4)
(178.6563699245453, 3)
(179.17625880241394, 0)
(179.69646883010864, 0)
(180.2166588306427, 6)
(180.74008989334106, 2)
(181.26078987121582, 3)
(181.7741777896881, 12)
(182.2912118434906, 6)
(182.80359292030334, 5)
(183.31750893592834, 24)
(183.84307384490967, 23)
(184.37208080291748, 8)
(184.88604283332825, 6)
(185.4140739440918, 15)
(185.94057393074036, 7)
(186.4570369720459, 3)
(186.9665207862854, 13)
(187.48015689849854, 24)
(187.99222493171692, 2)
(188.5249729156494, 29)
(189.03860688209534, 6)
(189.55134987831116, 0)
(190.06035900115967, 22)
(190.56795501708984, 12)
(191.09426283836365, 17)
(191.60338187217712, 0)
(192.1172227859497, 0)
(192.656329870224, 0)
(193.17567586898804, 8)
(193.6984589099884, 2)
(194.21620893478394, 2)
(194.73086500167847, 2)
(195.25557589530945, 2)
(195.7753038406372, 17)
(196.28697991371155, 17)
(196.80969882011414, 0)
(197.32841396331787, 0)
(197.84215593338013, 3)
(198.37399697303772, 18)
(198.90249180793762, 13)
(199.42990279197693, 0)
(199.96714901924133, 0)
(200.49158000946045, 34)
(201.0033140182495, 0)
(201.5101969242096, 11)
(202.0317358970642, 4)
(202.54045701026917, 4)
(203.06520986557007, 4)
(203.58287000656128, 4)
(204.10680484771729, 1)
(204.6316978931427, 34)
(205.14204788208008, 17)
(205.65367197990417, 3)
(206.17362594604492, 19)
(206.68256783485413, 6)
(207.1901159286499, 22)
(207.6976318359375, 24)
(208.21759295463562, 5)
(208.72513699531555, 2)
(209.2409520149231, 0)
(209.75535798072815, 0)
(210.2629668712616, 15)
(210.77160596847534, 2)
(211.2795398235321, 0)
(211.79208087921143, 0)
(212.30640697479248, 0)
(212.83810901641846, 10)
(213.35572290420532, 13)
(213.86829090118408, 21)
(214.37583684921265, 9)
(214.8951849937439, 20)
(215.41042494773865, 12)
(215.96438479423523, 21)
(216.49678897857666, 4)
(217.01443195343018, 20)
(217.52663278579712, 0)
(218.066321849823, 0)
(218.58807682991028, 6)
(219.1034607887268, 19)
(219.62195992469788, 22)
(220.14439392089844, 17)
(220.66391801834106, 1)
(221.17430901527405, 0)
(221.69895195960999, 0)
(222.21238899230957, 0)
(222.72578692436218, 0)
(223.23930597305298, 0)
(223.77497792243958, 17)
(224.30756783485413, 9)
(224.83204293251038, 36)
(225.35012698173523, 2)
(225.87331700325012, 19)
(226.38679790496826, 2)
(226.90539979934692, 0)
(227.42818593978882, 0)
(227.94358801841736, 5)
(228.4714708328247, 12)
(228.98485398292542, 7)
(229.49190402030945, 2)
(230.01736092567444, 2)
(230.53034687042236, 2)
(231.07212090492249, 2)
(231.59199690818787, 17)
(232.10153484344482, 10)
(232.61498880386353, 12)
(233.12331080436707, 2)
(233.63031697273254, 2)
(234.13858199119568, 8)
(234.64693593978882, 17)
(235.15649795532227, 5)
(235.6746428012848, 4)
(236.23192381858826, 2)
(236.7690680027008, 1)
(237.2820827960968, 36)
(237.7901029586792, 21)
(238.2981309890747, 8)
(238.80616688728333, 6)
(239.33932185173035, 5)
(239.86520195007324, 3)
(240.37698101997375, 2)
(240.88755989074707, 1)
(241.401930809021, 0)
(241.93265891075134, 0)
(242.46595788002014, 6)
(243.0039939880371, 2)
(243.54506182670593, 3)
(244.07546591758728, 2)
(244.61770486831665, 12)
(245.14692282676697, 9)
(245.6642348766327, 8)
(246.17763686180115, 2)
(246.6998529434204, 2)
(247.23875093460083, 7)
(247.7667579650879, 5)
(248.28638195991516, 12)
(248.80363583564758, 9)
(249.32094287872314, 22)
(249.84314393997192, 6)
(250.36208701133728, 24)
(250.88567280769348, 7)
(251.41411590576172, 13)
(251.9388449192047, 27)
(252.46004486083984, 18)
(253.0308449268341, 11)
(253.55449390411377, 10)
(254.07927298545837, 8)
(254.59446096420288, 16)
(255.11055493354797, 20)
(255.62521195411682, 1)
(256.13937497138977, 1)
(256.67085099220276, 5)
(257.1944580078125, 3)
(257.72243785858154, 2)
(258.2356708049774, 4)
(258.75862884521484, 16)
(259.27831983566284, 4)
(259.7922098636627, 4)
(260.31021189689636, 10)
(260.8300778865814, 23)
(261.3842508792877, 3)
(261.90368390083313, 2)
(262.42083978652954, 2)
(262.9298679828644, 0)
(263.4450218677521, 6)
(263.95639991760254, 2)
(264.4733588695526, 2)
(265.00517201423645, 2)
(265.5234479904175, 2)
(266.0363528728485, 0)
(266.5473449230194, 6)
(267.0619888305664, 38)
(267.5873098373413, 26)
(268.0941209793091, 8)
(268.60979080200195, 8)
(269.126042842865, 6)
(269.6450138092041, 4)
(270.1671140193939, 0)
(270.68584299087524, 25)
(271.2125368118286, 5)
(271.72526693344116, 2)
(272.24288392066956, 2)
(272.76768493652344, 0)
(273.28295493125916, 0)
(273.81193685531616, 0)
(274.3249340057373, 12)
(274.84419798851013, 22)
(275.3893299102783, 11)
(275.9050178527832, 2)
(276.4219379425049, 2)
(276.93758893013, 2)
(277.4533839225769, 11)
(277.9615499973297, 23)
(278.4743299484253, 7)
(278.9891698360443, 4)
(279.508416891098, 3)
(280.03063583374023, 3)
(280.53989601135254, 13)
(281.060564994812, 2)
(281.57838797569275, 1)
(282.10366201400757, 0)
(282.6427249908447, 7)
(283.15503191947937, 11)
(283.66977095603943, 0)
(284.1790609359741, 0)
(284.68832087516785, 11)
(285.1961510181427, 5)
(285.72983384132385, 5)
(286.2461338043213, 13)
(286.7797780036926, 6)
(287.29904294013977, 4)
(287.8198130130768, 17)
(288.33862495422363, 37)
(288.8512918949127, 2)
(289.36757588386536, 0)
(289.8882977962494, 0)
(290.4104688167572, 0)
(290.93400287628174, 0)
(291.4519028663635, 0)
(291.9715359210968, 9)
(292.49110293388367, 17)
(293.00979590415955, 14)
(293.53340888023376, 25)
(294.0540819168091, 28)
(294.591365814209, 17)
(295.1012167930603, 7)
(295.6291329860687, 6)
(296.1497859954834, 6)
(296.66907596588135, 26)
(297.19135880470276, 36)
(297.72007489204407, 21)
(298.24551701545715, 17)
(298.77194595336914, 9)
(299.2931318283081, 5)
(299.8019587993622, 4)
(300.31401896476746, 1)
(300.83318185806274, 17)
(301.35879492759705, 8)
(301.889328956604, 10)
(302.3959119319916, 4)
(302.92147397994995, 5)
(303.43496680259705, 4)
(303.9595799446106, 7)
(304.47055196762085, 2)
(304.9976599216461, 2)
(305.51603293418884, 2)
(306.03324580192566, 2)
(306.5517039299011, 6)
(307.06752490997314, 2)
(307.5884988307953, 2)
(308.1155848503113, 2)
(308.6403338909149, 2)
(309.1624798774719, 1)
(309.69119596481323, 14)
(310.21910285949707, 3)
(310.73774695396423, 4)
(311.24424600601196, 0)
(311.7529468536377, 0)
(312.26524782180786, 0)
(312.7735879421234, 0)
(313.28331685066223, 0)
(313.79201078414917, 0)
(314.3037350177765, 0)
(314.81506085395813, 0)
(315.33216094970703, 0)
(315.86289501190186, 8)
(316.38282084465027, 19)
(316.91025495529175, 2)
(317.4349830150604, 39)
(317.9507420063019, 7)
(318.4654219150543, 3)
(319.0030689239502, 9)
(319.5197968482971, 4)
(320.03649497032166, 11)
(320.5452218055725, 4)
(321.0580759048462, 3)
(321.57467794418335, 2)
(322.0863399505615, 2)
(322.6010649204254, 0)
(323.11677289009094, 0)
(323.64445090293884, 0)
(324.1512248516083, 0)
(324.6700758934021, 0)
(325.1913239955902, 14)
(325.71061992645264, 30)
(326.2388858795166, 19)
(326.7553129196167, 2)
(327.27631282806396, 2)
(327.8000569343567, 0)
(328.322625875473, 0)
(328.85507798194885, 17)
(329.3793799877167, 0)
(329.9100430011749, 0)
(330.4343478679657, 0)
(330.9504678249359, 0)
(331.4665448665619, 15)
(331.98756098747253, 21)
(332.50699281692505, 12)
(333.0295498371124, 6)
(333.5521810054779, 5)
(334.07155084609985, 3)
(334.5959048271179, 0)
(335.1266038417816, 27)
(335.6492099761963, 2)
(336.1604549884796, 23)
(336.67178201675415, 8)
(337.191015958786, 4)
(337.7103798389435, 8)
(338.2314360141754, 4)
(338.7443058490753, 5)
(339.2638428211212, 33)
(339.7775709629059, 3)
(340.2871367931366, 32)
(340.8100118637085, 12)
(341.3293569087982, 7)
(341.84537291526794, 6)
(342.3813228607178, 5)
(342.9067838191986, 4)
(343.42623591423035, 0)
(343.93222999572754, 9)
(344.4510929584503, 25)
(344.9643077850342, 21)
(345.47933888435364, 4)
(345.9981849193573, 14)
(346.5057179927826, 21)
(347.01436495780945, 2)
(347.522784948349, 2)
(348.0309958457947, 1)
(348.53934693336487, 10)
(349.0640959739685, 7)
(349.5835099220276, 5)
(350.105507850647, 2)
(350.626179933548, 14)
(351.1464579105377, 24)
(351.6723039150238, 2)
(352.19733691215515, 5)
(352.71716499328613, 13)
(353.2439708709717, 9)
(353.7650167942047, 2)
(354.29302883148193, 9)
(354.81038093566895, 4)
(355.3276858329773, 9)
(355.84981894493103, 4)
(356.37121391296387, 4)
(356.8924798965454, 16)
(357.4148108959198, 6)
(357.93509697914124, 22)
(358.4561948776245, 21)
(358.97834491729736, 4)
(359.4987509250641, 1)
(360.02828884124756, 0)
(360.5531098842621, 0)
(361.08599185943604, 6)
(361.594673871994, 2)
(362.13767194747925, 8)
(362.66225600242615, 21)
(363.1880979537964, 16)
(363.7096679210663, 16)
(364.22838282585144, 15)
(364.75022888183594, 55)
(365.25919580459595, 2)
(365.7668228149414, 2)
(366.29547595977783, 21)
(366.8042149543762, 4)
(367.3234260082245, 14)
(367.8468129634857, 6)
(368.3652889728546, 2)
(368.87697291374207, 2)
(369.3860499858856, 2)
(369.9153559207916, 2)
(370.4231448173523, 13)
(370.94304394721985, 10)
(371.4628119468689, 12)
(371.9832639694214, 8)
(372.50695395469666, 11)
(373.0346579551697, 30)
(373.5563349723816, 4)
(374.0670700073242, 16)
(374.5757598876953, 23)
(375.09452390670776, 9)
(375.6282138824463, 10)
(376.14586091041565, 4)
(376.65860390663147, 3)
(377.17733883857727, 13)
(377.69303798675537, 4)
(378.21474599838257, 2)
(378.73445296287537, 2)
(379.2591669559479, 0)
(379.7788829803467, 17)
(380.2965669631958, 0)
(380.8202278614044, 15)
(381.346941947937, 26)
(381.870178937912, 11)
(382.4243748188019, 13)
(382.94373297691345, 2)
(383.471745967865, 2)
(383.9864490032196, 5)
(384.51326298713684, 11)
(385.0346348285675, 21)
(385.5532639026642, 4)
(386.081396818161, 13)
(386.6054627895355, 5)
(387.11873483657837, 2)
(387.6468539237976, 19)
(388.15999698638916, 22)
(388.6745538711548, 10)
(389.2014060020447, 27)
(389.7404019832611, 38)
(390.26349782943726, 8)
(390.78293085098267, 4)
(391.30162501335144, 38)
(391.8272500038147, 2)
(392.3432219028473, 2)
(392.8633499145508, 1)
(393.38076996803284, 8)
(393.89954686164856, 3)
(394.4218227863312, 2)
(394.9446368217468, 26)
(395.4647970199585, 4)
(395.98357701301575, 2)
(396.5117700099945, 2)
(397.04813385009766, 4)
(397.5668959617615, 0)
(398.0910668373108, 0)
(398.6098380088806, 0)
(399.1272759437561, 0)
(399.6474139690399, 0)
(400.16752099990845, 0)
(400.6822907924652, 6)
(401.2023718357086, 2)
(401.7319757938385, 2)
(402.2535138130188, 2)
(402.7759368419647, 2)
(403.29695892333984, 0)
(403.815691947937, 0)
(404.3354859352112, 0)
(404.8600778579712, 8)
(405.3834948539734, 2)
(405.90451097488403, 2)
(406.432678937912, 2)
(406.96556186676025, 8)
(407.49366188049316, 8)
(408.00760078430176, 4)
(408.5358347892761, 10)
(409.05441093444824, 30)
(409.57971000671387, 28)
(410.0965678691864, 30)
(410.62458992004395, 8)
(411.14389991760254, 6)
(411.65919399261475, 4)
(412.1793329715729, 3)
(412.7027928829193, 0)
(413.2196807861328, 0)
(413.7379848957062, 0)
(414.25163888931274, 0)
(414.7719008922577, 15)
(415.30342197418213, 10)
(415.8542129993439, 16)
(416.3716769218445, 9)
(416.8901529312134, 14)
(417.398885011673, 2)
(417.9141228199005, 2)
(418.4508719444275, 12)
(418.97581791877747, 4)
(419.4905250072479, 12)
(420.0128757953644, 7)
(420.53467297554016, 5)
(421.063768863678, 3)
(421.5848569869995, 2)
(422.1044487953186, 10)
(422.63652300834656, 2)
(423.16900181770325, 19)
(423.675509929657, 2)
(424.1910548210144, 1)
(424.7103238105774, 9)
(425.2245669364929, 2)
(425.7378759384155, 8)
(426.2563238143921, 4)
(426.77121782302856, 4)
(427.2911148071289, 19)
(427.8085877895355, 15)
(428.3311219215393, 30)
(428.8561508655548, 24)
(429.3752748966217, 14)
(429.8962309360504, 9)
(430.42122197151184, 6)
(430.9489939212799, 1)
(431.46671080589294, 0)
(431.98203587532043, 0)
(432.49908781051636, 6)
(433.0139129161835, 2)
(433.5344088077545, 16)
(434.05014991760254, 23)
(434.568815946579, 15)
(435.09377098083496, 9)
(435.6107099056244, 4)
(436.1339988708496, 8)
(436.64955592155457, 6)
(437.1743588447571, 6)
(437.7007567882538, 2)
(438.2210838794708, 2)
(438.745157957077, 1)
(439.26923298835754, 0)
(439.7875738143921, 8)
(440.3117289543152, 10)
(440.8442349433899, 2)
(441.36549186706543, 0)
(441.8881058692932, 0)
(442.41503286361694, 19)
(442.944787979126, 11)
(443.4718849658966, 8)
(444.00286984443665, 6)
(444.511421918869, 4)
(445.0381989479065, 2)
(445.572212934494, 12)
(446.09344387054443, 2)
(446.61043095588684, 2)
(447.13138484954834, 1)
(447.64729285240173, 8)
(448.172593832016, 19)
(448.6945598125458, 2)
(449.21590089797974, 2)
(449.7355408668518, 2)
(450.2610638141632, 0)
(450.7886118888855, 0)
(451.3162159919739, 0)
(451.8436939716339, 0)
(452.38877391815186, 10)
(452.9304039478302, 9)
(453.44997382164, 47)
(453.96693181991577, 19)
(454.4872817993164, 4)
(455.0050139427185, 3)
(455.5226049423218, 2)
(456.0456647872925, 9)
(456.57347989082336, 11)
(457.09436893463135, 24)
(457.6170618534088, 6)
(458.1363389492035, 13)
(458.6590898036957, 28)
(459.16508197784424, 8)
(459.6881489753723, 5)
(460.2073907852173, 5)
(460.71627378463745, 11)
(461.2398188114166, 2)
(461.7637128829956, 14)
(462.27938199043274, 21)
(462.79644680023193, 4)
(463.3094928264618, 11)
(463.8305609226227, 2)
(464.34490990638733, 2)
(464.8605988025665, 19)
(465.3816509246826, 1)
(465.90911293029785, 0)
(466.42612385749817, 0)
(466.94981598854065, 0)
(467.46956992149353, 0)
(467.98262786865234, 0)
(468.4970028400421, 0)
(469.01799297332764, 0)
(469.53509187698364, 17)
(470.05742597579956, 0)
(470.57709097862244, 1)
(471.0978858470917, 22)
(471.6296088695526, 21)
(472.14415884017944, 14)
(472.6550188064575, 7)
(473.1748068332672, 18)
(473.69121193885803, 9)
(474.2143609523773, 2)
(474.7351498603821, 2)
(475.2586009502411, 19)
(475.77925395965576, 2)
(476.2951469421387, 18)
(476.82684993743896, 9)
(477.34959387779236, 19)
(477.8738257884979, 2)
(478.3907849788666, 4)
(478.90756583213806, 8)
(479.41694593429565, 2)
(479.9382338523865, 3)
(480.4558138847351, 9)
(480.97787594795227, 20)
(481.50060987472534, 2)
(482.01893401145935, 2)
(482.5372529029846, 2)
(483.0583930015564, 2)
(483.58723282814026, 7)
(484.10393381118774, 24)
(484.6164798736572, 21)
(485.1333119869232, 4)
(485.6542999744415, 4)
(486.17096185684204, 7)
(486.6920919418335, 6)
(487.21196699142456, 6)
(487.7318239212036, 4)
(488.25436902046204, 5)
(488.77683901786804, 12)
(489.2981479167938, 3)
(489.81524991989136, 19)
(490.33774495124817, 2)
(490.8567500114441, 12)
(491.37261295318604, 37)
(491.89105582237244, 16)
(492.41290283203125, 8)
(492.9216248989105, 5)
(493.4303069114685, 5)
(493.9570298194885, 19)
(494.46476793289185, 6)
(494.98646998405457, 2)
(495.51110196113586, 10)
(496.0292580127716, 9)
(496.5380368232727, 7)
(497.04686188697815, 5)
(497.56171679496765, 21)
(498.083331823349, 9)
(498.5909209251404, 31)
(499.0985767841339, 24)
(499.61674880981445, 14)
(500.1373507976532, 24)
(500.6591339111328, 8)
(501.18555879592896, 4)
(501.7049629688263, 1)
(502.2290849685669, 17)
(502.74843883514404, 17)
(503.27257680892944, 6)
(503.79712080955505, 10)
(504.3213138580322, 22)
(504.83833384513855, 4)
(505.358934879303, 4)
(505.87947392463684, 9)
(506.40242290496826, 6)
(506.9281828403473, 15)
(507.4380249977112, 2)
(507.9606659412384, 2)
(508.481467962265, 0)
(509.00399589538574, 0)
(509.53132700920105, 7)
(510.05803179740906, 8)
(510.58288192749023, 9)
(511.09826588630676, 21)
(511.6225218772888, 4)
(512.1422388553619, 1)
(512.6507878303528, 13)
(513.1906340122223, 29)
(513.7112009525299, 3)
(514.2286398410797, 10)
(514.7678029537201, 4)
(515.285484790802, 29)
(515.8097608089447, 4)
(516.3338458538055, 33)
(516.8422617912292, 25)
(517.3555629253387, 2)
(517.8761239051819, 0)
(518.3890278339386, 0)
(518.8977289199829, 6)
(519.412230014801, 2)
(519.9206168651581, 7)
(520.4290227890015, 4)
(520.937392950058, 4)
(521.445611000061, 3)
(521.9593608379364, 2)
(522.4831478595734, 1)
(522.9969439506531, 5)
(523.5120708942413, 24)
(524.0416429042816, 6)
(524.5606908798218, 6)
(525.0829379558563, 9)
(525.6188127994537, 13)
(526.1368868350983, 4)
(526.6551899909973, 12)
(527.1645419597626, 12)
(527.687421798706, 2)
(528.2185118198395, 0)
(528.7660238742828, 6)
(529.2930459976196, 28)
(529.8171339035034, 0)
(530.3338549137115, 0)
(530.853542804718, 5)
(531.3644099235535, 3)
(531.8840939998627, 2)
(532.4066779613495, 50)
(532.9326229095459, 20)
(533.4607028961182, 26)
(533.9830758571625, 21)
(534.4950280189514, 4)
(535.0136888027191, 2)
(535.5418388843536, 2)
(536.0661818981171, 1)
(536.5826139450073, 0)
(537.0978479385376, 17)
(537.6208138465881, 0)
(538.1386950016022, 0)
(538.6616659164429, 0)
(539.1807157993317, 0)
(539.7037010192871, 10)
(540.2266499996185, 33)
(540.7419009208679, 10)
(541.26056599617, 10)
(541.7859408855438, 6)
(542.3152368068695, 9)
(542.8382539749146, 2)
(543.3519668579102, 29)
(543.8598749637604, 7)
(544.3811848163605, 10)
(544.9030759334564, 4)
(545.4307458400726, 9)
(545.9513828754425, 5)
(546.4867379665375, 5)
(547.0255208015442, 40)
(547.54856300354, 6)
(548.0704169273376, 4)
(548.5911138057709, 2)
(549.1047348976135, 4)
(549.6254439353943, 0)
(550.1484580039978, 6)
(550.6726949214935, 2)
(551.1910378932953, 2)
(551.7064809799194, 10)
(552.2352068424225, 12)
(552.7487878799438, 16)
(553.2594878673553, 10)
(553.7859318256378, 9)
(554.318559885025, 12)
(554.845452785492, 2)
(555.3590779304504, 4)
(555.8760008811951, 0)
(556.3934459686279, 2)
(556.9261639118195, 0)
(557.4388689994812, 3)
(557.9534938335419, 3)
(558.4777059555054, 15)
(558.9938387870789, 16)
(559.5148499011993, 6)
(560.0261538028717, 10)
(560.538959980011, 9)
(561.0633180141449, 4)
(561.5825159549713, 4)
(562.0969848632812, 4)
(562.6280519962311, 2)
(563.1617558002472, 9)
(563.6762847900391, 2)
(564.1922988891602, 19)
(564.7080678939819, 2)
(565.2354769706726, 3)
(565.7667849063873, 0)
(566.2893068790436, 0)
(566.8076918125153, 0)
(567.320286989212, 9)
(567.8309597969055, 18)
(568.3404548168182, 6)
(568.854015827179, 30)
(569.3758339881897, 63)
(569.8926358222961, 13)
(570.4005038738251, 10)
(570.9259397983551, 20)
(571.445524930954, 17)
(571.9524610042572, 26)
(572.4628047943115, 4)
(572.981122970581, 1)
(573.4948480129242, 0)
(574.0180377960205, 6)
(574.5735847949982, 2)
(575.1173529624939, 7)
(575.6499109268188, 12)
(576.1635529994965, 5)
(576.6881058216095, 11)
(577.2041230201721, 6)
(577.7231419086456, 22)
(578.23916888237, 22)
(578.759917974472, 15)
(579.2770090103149, 13)
(579.7987878322601, 8)
(580.3294179439545, 12)
(580.8574459552765, 25)
(581.3736319541931, 4)
(581.8972959518433, 3)
(582.411623954773, 8)
(582.9276878833771, 6)
(583.4404458999634, 2)
(583.9548799991608, 2)
(584.4723048210144, 4)
(585.0005939006805, 13)
(585.5227689743042, 10)
(586.054426908493, 9)
(586.5913019180298, 14)
(587.1446239948273, 31)
(587.6627538204193, 1)
(588.1808497905731, 0)
(588.6962909698486, 0)
(589.2185618877411, 0)
(589.7353508472443, 0)
(590.2507359981537, 0)
(590.7665297985077, 0)
(591.28293800354, 8)
(591.803811788559, 2)
(592.3277118206024, 2)
(592.8550479412079, 2)
(593.3718819618225, 2)
(593.8845338821411, 16)
(594.3999218940735, 8)
(594.9140138626099, 2)
(595.4348750114441, 3)
(595.9502940177917, 5)
(596.4676129817963, 5)
(596.9779448509216, 20)
(597.5197808742523, 3)
(598.0451729297638, 2)
(598.5572018623352, 1)
(599.0901489257812, 0)
(599.61869597435, 0)
(600.1394557952881, 17)
(600.6612679958344, 0)
(601.1779978275299, 0)
(601.6989188194275, 6)
(602.2234058380127, 2)
(602.7443089485168, 4)
(603.2598698139191, 2)
(603.7790198326111, 2)
(604.2927968502045, 1)
(604.8101899623871, 0)
(605.3293898105621, 0)
(605.846638917923, 24)
(606.3683018684387, 2)
(606.8818929195404, 2)
(607.404956817627, 2)
(607.953341960907, 8)
(608.4686069488525, 2)
(608.9871699810028, 2)
(609.5017359256744, 20)
(610.0161309242249, 2)
(610.5334808826447, 10)
(611.0583498477936, 7)
(611.5760388374329, 3)
(612.0951709747314, 22)
(612.612382888794, 10)
(613.1260688304901, 2)
(613.6497328281403, 2)
(614.169440984726, 15)
(614.6887969970703, 0)
(615.2090458869934, 30)
(615.7286698818207, 13)
(616.2713968753815, 2)
(616.7853908538818, 2)
(617.2958369255066, 2)
(617.820634841919, 2)
(618.3311128616333, 0)
(618.8433079719543, 0)
(619.3626937866211, 11)
(619.8767838478088, 2)
(620.3979489803314, 2)
(620.9155328273773, 2)
(621.4439058303833, 0)
(621.9793939590454, 0)
(622.4916908740997, 8)
(623.0399339199066, 8)
(623.5717389583588, 13)
