(0, 0)
(0.500856876373291, 7)
(1.029649019241333, 45)
(1.5519659519195557, 49)
(2.0765938758850098, 9)
(2.5941388607025146, 8)
(3.115050792694092, 8)
(3.6467440128326416, 25)
(4.162177801132202, 2)
(4.685847997665405, 2)
(5.2052319049835205, 2)
(5.727897882461548, 2)
(6.2609028816223145, 0)
(6.797055006027222, 11)
(7.31977391242981, 14)
(7.831364870071411, 46)
(8.352352857589722, 54)
(8.865091800689697, 44)
(9.379717826843262, 26)
(9.898820877075195, 48)
(10.416984796524048, 76)
(10.938402891159058, 99)
(11.452075958251953, 10)
(11.967962980270386, 8)
(12.483120918273926, 8)
(12.999826908111572, 16)
(13.518536806106567, 4)
(14.03925085067749, 28)
(14.551333904266357, 6)
(15.065783977508545, 13)
(15.583388805389404, 31)
(16.096410989761353, 11)
(16.615656852722168, 8)
(17.131552934646606, 6)
(17.65057396888733, 4)
(18.171096801757812, 18)
(18.6871337890625, 44)
(19.206106901168823, 42)
(19.71867799758911, 70)
(20.24277400970459, 114)
(20.76777696609497, 132)
(21.29101800918579, 58)
(21.806744813919067, 48)
(22.314531803131104, 47)
(22.82490301132202, 56)
(23.332599878311157, 14)
(23.84168791770935, 5)
(24.354800939559937, 4)
(24.863794803619385, 4)
(25.376845836639404, 2)
(25.89789080619812, 14)
(26.405646800994873, 33)
(26.921345949172974, 60)
(27.445096015930176, 51)
(27.96742081642151, 53)
(28.481923818588257, 46)
(28.99716091156006, 45)
(29.516069889068604, 83)
(30.036908864974976, 79)
(30.579309940338135, 92)
(31.102958917617798, 111)
(31.633243799209595, 88)
(32.150293827056885, 73)
(32.668625831604004, 89)
(33.17538595199585, 94)
(33.690202951431274, 94)
(34.22347092628479, 73)
(34.763476848602295, 56)
(35.31693482398987, 49)
(35.828935861587524, 55)
(36.34761190414429, 8)
(36.876386880874634, 17)
(37.4085898399353, 8)
(37.936444997787476, 8)
(38.45375680923462, 6)
(38.969801902770996, 8)
(39.494982957839966, 5)
(40.0189368724823, 2)
(40.545387983322144, 14)
(41.06536388397217, 4)
(41.585909843444824, 3)
(42.09929299354553, 2)
(42.61138582229614, 13)
(43.128445863723755, 2)
(43.64597201347351, 2)
(44.176724910736084, 2)
(44.69184589385986, 2)
(45.212443828582764, 1)
(45.7273588180542, 0)
(46.24748086929321, 0)
(46.75892496109009, 0)
(47.27735090255737, 0)
(47.805115938186646, 0)
(48.32561683654785, 6)
(48.85133981704712, 19)
(49.38367700576782, 4)
(49.90079092979431, 30)
(50.425532817840576, 30)
(50.941481828689575, 7)
(51.45667386054993, 5)
(51.97516393661499, 33)
(52.494722843170166, 45)
(53.01116681098938, 74)
(53.53417181968689, 84)
(54.05381989479065, 90)
(54.58760690689087, 69)
(55.1142258644104, 46)
(55.63726782798767, 49)
(56.15695881843567, 48)
(56.67301392555237, 34)
(57.18572187423706, 7)
(57.71334981918335, 27)
(58.235782861709595, 42)
(58.743891954422, 85)
(59.263749837875366, 49)
(59.78085684776306, 48)
(60.29557180404663, 46)
(60.80348801612854, 74)
(61.31155586242676, 81)
(61.823606967926025, 77)
(62.338156938552856, 43)
(62.8632128238678, 9)
(63.38824391365051, 4)
(63.904146909713745, 9)
(64.42188286781311, 33)
(64.94637298583984, 43)
(65.47384595870972, 74)
(65.99787282943726, 79)
(66.55164790153503, 29)
(67.08966493606567, 11)
(67.6224718093872, 9)
(68.14448595046997, 8)
(68.65988087654114, 4)
(69.17460799217224, 0)
(69.69308495521545, 0)
(70.20739889144897, 5)
(70.71544098854065, 2)
(71.24189686775208, 9)
(71.75206899642944, 4)
(72.26428580284119, 13)
(72.77360081672668, 24)
(73.285484790802, 11)
(73.801029920578, 14)
(74.32274293899536, 8)
(74.83142495155334, 18)
(75.33914494514465, 37)
(75.846843957901, 12)
(76.35457301139832, 6)
(76.86329889297485, 43)
(77.37100481987, 44)
(77.87872886657715, 48)
(78.38941192626953, 13)
(78.89917492866516, 4)
(79.41087889671326, 4)
(79.92157793045044, 18)
(80.43125891685486, 32)
(80.93898701667786, 49)
(81.46250295639038, 47)
(81.97042489051819, 21)
(82.49216198921204, 47)
(83.01585388183594, 46)
(83.54557585716248, 87)
(84.05901885032654, 56)
(84.57137298583984, 93)
(85.08090496063232, 84)
(85.59639501571655, 78)
(86.10537481307983, 51)
(86.61432981491089, 53)
(87.15163588523865, 49)
(87.66199779510498, 54)
(88.18283987045288, 122)
(88.70582389831543, 157)
(89.22858381271362, 157)
(89.74886393547058, 170)
(90.26926684379578, 99)
(90.78795385360718, 69)
(91.30105900764465, 35)
(91.81708788871765, 10)
(92.3341498374939, 8)
(92.8570728302002, 11)
(93.37149596214294, 4)
(93.8877809047699, 16)
(94.40224981307983, 6)
(94.9240357875824, 6)
(95.47148084640503, 5)
(95.98224687576294, 4)
(96.49496293067932, 8)
(97.01483988761902, 2)
(97.53478479385376, 2)
(98.05841588973999, 8)
(98.5778329372406, 9)
(99.10332083702087, 8)
(99.62328481674194, 10)
(100.14313387870789, 5)
(100.6649878025055, 3)
(101.19216799736023, 28)
(101.7213089466095, 31)
(102.25224089622498, 5)
(102.76434278488159, 4)
(103.2886209487915, 32)
(103.81171989440918, 46)
(104.32888984680176, 61)
(104.84324598312378, 46)
(105.36744379997253, 47)
(105.88620495796204, 80)
(106.39965200424194, 103)
(106.92634987831116, 94)
(107.44981479644775, 121)
(107.97881484031677, 131)
(108.51660990715027, 91)
(109.03457379341125, 86)
(109.55242490768433, 90)
(110.05995297431946, 93)
(110.57694387435913, 145)
(111.09400987625122, 127)
(111.62850594520569, 160)
(112.13630986213684, 175)
(112.64792490005493, 170)
(113.17318487167358, 119)
(113.68061399459839, 88)
(114.18911790847778, 87)
(114.71481084823608, 100)
(115.24920392036438, 160)
(115.76675796508789, 174)
(116.29171180725098, 174)
(116.81962490081787, 119)
(117.33953380584717, 98)
(117.85419988632202, 181)
(118.37414884567261, 179)
(118.88956379890442, 177)
(119.41200590133667, 195)
(119.93026781082153, 122)
(120.44802689552307, 145)
(120.97747302055359, 179)
(121.49035000801086, 187)
(122.00326180458069, 196)
(122.51809692382812, 196)
(123.03097891807556, 218)
(123.55748987197876, 211)
(124.07137298583984, 430)
(124.57935190200806, 75)
(125.08858489990234, 81)
(125.60136985778809, 89)
(126.11612391471863, 111)
(126.63257479667664, 89)
(127.16565299034119, 86)
(127.69472789764404, 81)
(128.21545600891113, 87)
(128.74384188652039, 107)
(129.26588892936707, 135)
(129.79108881950378, 113)
(130.3136990070343, 114)
(130.82497882843018, 101)
(131.34051179885864, 88)
(131.85312581062317, 69)
(132.3628249168396, 46)
(132.88655996322632, 47)
(133.39936900138855, 113)
(133.915629863739, 149)
(134.42831301689148, 168)
(134.9515039920807, 143)
(135.4741358757019, 167)
(135.98271083831787, 128)
(136.4912769794464, 129)
(137.01389384269714, 87)
(137.52891087532043, 88)
(138.04896092414856, 88)
(138.57293391227722, 73)
(139.0984869003296, 86)
(139.62203192710876, 86)
(140.13952684402466, 107)
(140.6545388698578, 84)
(141.17974400520325, 85)
(141.69456100463867, 64)
(142.21117186546326, 88)
(142.751482963562, 84)
(143.27152585983276, 88)
(143.7916078567505, 85)
(144.30398988723755, 88)
(144.81910395622253, 61)
(145.33523893356323, 47)
(145.85064387321472, 62)
(146.3638789653778, 46)
(146.88385486602783, 47)
(147.39709901809692, 42)
(147.91307592391968, 53)
(148.44426584243774, 71)
(148.95399689674377, 50)
(149.4734869003296, 47)
(149.99251699447632, 47)
(150.51156282424927, 45)
(151.02729296684265, 44)
(151.54787492752075, 40)
(152.06514883041382, 41)
(152.58774089813232, 40)
(153.1031608581543, 41)
(153.62220692634583, 41)
(154.14125895500183, 53)
(154.6726529598236, 44)
(155.19687700271606, 52)
(155.76276993751526, 48)
(156.30435991287231, 46)
(156.82167601585388, 43)
(157.34585881233215, 41)
(157.86158895492554, 46)
(158.37518692016602, 41)
(158.88451480865479, 43)
(159.40786290168762, 42)
(159.92615795135498, 81)
(160.44342279434204, 89)
(160.96097493171692, 122)
(161.48121786117554, 93)
(162.00280094146729, 97)
(162.5218608379364, 85)
(163.03764700889587, 95)
(163.57234501838684, 88)
(164.10215401649475, 80)
(164.62731289863586, 44)
(165.13882684707642, 12)
(165.6583468914032, 6)
(166.17438983917236, 16)
(166.69350290298462, 7)
(167.21562385559082, 10)
(167.7346909046173, 4)
(168.25838780403137, 4)
(168.77743983268738, 2)
(169.29501485824585, 7)
(169.8080039024353, 3)
(170.32703399658203, 2)
(170.8429889678955, 2)
(171.35464787483215, 11)
(171.88195180892944, 42)
(172.4133598804474, 69)
(172.94306087493896, 93)
(173.4607288837433, 101)
(173.97994184494019, 89)
(174.4959578514099, 83)
(175.0099699497223, 62)
(175.52374291419983, 49)
(176.03613185882568, 15)
(176.55365586280823, 9)
(177.08435988426208, 68)
(177.62503480911255, 54)
(178.14209389686584, 35)
(178.6563699245453, 6)
(179.17625880241394, 6)
(179.69646883010864, 4)
(180.2166588306427, 8)
(180.74008989334106, 3)
(181.26078987121582, 3)
(181.7741777896881, 12)
(182.2912118434906, 6)
(182.80359292030334, 6)
(183.31750893592834, 29)
(183.84307384490967, 23)
(184.37208080291748, 10)
(184.88604283332825, 8)
(185.4140739440918, 17)
(185.94057393074036, 7)
(186.4570369720459, 3)
(186.9665207862854, 14)
(187.48015689849854, 42)
(187.99222493171692, 48)
(188.5249729156494, 96)
(189.03860688209534, 87)
(189.55134987831116, 82)
(190.06035900115967, 80)
(190.56795501708984, 126)
(191.09426283836365, 135)
(191.60338187217712, 126)
(192.1172227859497, 107)
(192.656329870224, 49)
(193.17567586898804, 57)
(193.6984589099884, 46)
(194.21620893478394, 29)
(194.73086500167847, 5)
(195.25557589530945, 5)
(195.7753038406372, 30)
(196.28697991371155, 56)
(196.80969882011414, 42)
(197.32841396331787, 42)
(197.84215593338013, 45)
(198.37399697303772, 48)
(198.90249180793762, 88)
(199.42990279197693, 84)
(199.96714901924133, 87)
(200.49158000946045, 136)
(201.0033140182495, 133)
(201.5101969242096, 113)
(202.0317358970642, 88)
(202.54045701026917, 87)
(203.06520986557007, 69)
(203.58287000656128, 18)
(204.10680484771729, 6)
(204.6316978931427, 41)
(205.14204788208008, 52)
(205.65367197990417, 47)
(206.17362594604492, 65)
(206.68256783485413, 50)
(207.1901159286499, 63)
(207.6976318359375, 67)
(208.21759295463562, 88)
(208.72513699531555, 85)
(209.2409520149231, 58)
(209.75535798072815, 43)
(210.2629668712616, 57)
(210.77160596847534, 45)
(211.2795398235321, 25)
(211.79208087921143, 5)
(212.30640697479248, 4)
(212.83810901641846, 13)
(213.35572290420532, 15)
(213.86829090118408, 43)
(214.37583684921265, 51)
(214.8951849937439, 36)
(215.41042494773865, 49)
(215.96438479423523, 89)
(216.49678897857666, 63)
(217.01443195343018, 61)
(217.52663278579712, 46)
(218.066321849823, 45)
(218.58807682991028, 50)
(219.1034607887268, 75)
(219.62195992469788, 69)
(220.14439392089844, 50)
(220.66391801834106, 11)
(221.17430901527405, 8)
(221.69895195960999, 7)
(222.21238899230957, 5)
(222.72578692436218, 0)
(223.23930597305298, 0)
(223.77497792243958, 35)
(224.30756783485413, 51)
(224.83204293251038, 92)
(225.35012698173523, 124)
(225.87331700325012, 147)
(226.38679790496826, 116)
(226.90539979934692, 86)
(227.42818593978882, 60)
(227.94358801841736, 53)
(228.4714708328247, 87)
(228.98485398292542, 88)
(229.49190402030945, 53)
(230.01736092567444, 45)
(230.53034687042236, 45)
(231.07212090492249, 48)
(231.59199690818787, 76)
(232.10153484344482, 91)
(232.61498880386353, 125)
(233.12331080436707, 121)
(233.63031697273254, 96)
(234.13858199119568, 90)
(234.64693593978882, 93)
(235.15649795532227, 49)
(235.6746428012848, 51)
(236.23192381858826, 47)
(236.7690680027008, 47)
(237.2820827960968, 83)
(237.7901029586792, 112)
(238.2981309890747, 113)
(238.80616688728333, 84)
(239.33932185173035, 51)
(239.86520195007324, 49)
(240.37698101997375, 37)
(240.88755989074707, 5)
(241.401930809021, 3)
(241.93265891075134, 2)
(242.46595788002014, 8)
(243.0039939880371, 3)
(243.54506182670593, 29)
(244.07546591758728, 33)
(244.61770486831665, 15)
(245.14692282676697, 50)
(245.6642348766327, 53)
(246.17763686180115, 47)
(246.6998529434204, 47)
(247.23875093460083, 49)
(247.7667579650879, 46)
(248.28638195991516, 53)
(248.80363583564758, 49)
(249.32094287872314, 63)
(249.84314393997192, 47)
(250.36208701133728, 65)
(250.88567280769348, 25)
(251.41411590576172, 19)
(251.9388449192047, 31)
(252.46004486083984, 23)
(253.0308449268341, 13)
(253.55449390411377, 11)
(254.07927298545837, 8)
(254.59446096420288, 16)
(255.11055493354797, 41)
(255.62521195411682, 23)
(256.13937497138977, 6)
(256.67085099220276, 8)
(257.1944580078125, 5)
(257.72243785858154, 4)
(258.2356708049774, 4)
(258.75862884521484, 16)
(259.27831983566284, 4)
(259.7922098636627, 4)
(260.31021189689636, 11)
(260.8300778865814, 26)
(261.3842508792877, 45)
(261.90368390083313, 42)
(262.42083978652954, 42)
(262.9298679828644, 33)
(263.4450218677521, 8)
(263.95639991760254, 4)
(264.4733588695526, 4)
(265.00517201423645, 4)
(265.5234479904175, 3)
(266.0363528728485, 0)
(266.5473449230194, 6)
(267.0619888305664, 40)
(267.5873098373413, 100)
(268.0941209793091, 90)
(268.60979080200195, 66)
(269.126042842865, 48)
(269.6450138092041, 30)
(270.1671140193939, 4)
(270.68584299087524, 38)
(271.2125368118286, 47)
(271.72526693344116, 43)
(272.24288392066956, 4)
(272.76768493652344, 4)
(273.28295493125916, 3)
(273.81193685531616, 2)
(274.3249340057373, 14)
(274.84419798851013, 72)
(275.3893299102783, 93)
(275.9050178527832, 84)
(276.4219379425049, 82)
(276.93758893013, 66)
(277.4533839225769, 55)
(277.9615499973297, 51)
(278.4743299484253, 48)
(278.9891698360443, 49)
(279.508416891098, 48)
(280.03063583374023, 46)
(280.53989601135254, 54)
(281.060564994812, 43)
(281.57838797569275, 43)
(282.10366201400757, 42)
(282.6427249908447, 52)
(283.15503191947937, 53)
(283.66977095603943, 42)
(284.1790609359741, 42)
(284.68832087516785, 17)
(285.1961510181427, 10)
(285.72983384132385, 7)
(286.2461338043213, 15)
(286.7797780036926, 7)
(287.29904294013977, 4)
(287.8198130130768, 17)
(288.33862495422363, 60)
(288.8512918949127, 84)
(289.36757588386536, 84)
(289.8882977962494, 82)
(290.4104688167572, 47)
(290.93400287628174, 44)
(291.4519028663635, 32)
(291.9715359210968, 13)
(292.49110293388367, 20)
(293.00979590415955, 16)
(293.53340888023376, 27)
(294.0540819168091, 31)
(294.591365814209, 20)
(295.1012167930603, 11)
(295.6291329860687, 8)
(296.1497859954834, 8)
(296.66907596588135, 53)
(297.19135880470276, 86)
(297.72007489204407, 134)
(298.24551701545715, 142)
(298.77194595336914, 134)
(299.2931318283081, 127)
(299.8019587993622, 124)
(300.31401896476746, 123)
(300.83318185806274, 155)
(301.35879492759705, 131)
(301.889328956604, 120)
(302.3959119319916, 47)
(302.92147397994995, 13)
(303.43496680259705, 11)
(303.9595799446106, 13)
(304.47055196762085, 6)
(304.9976599216461, 3)
(305.51603293418884, 2)
(306.03324580192566, 2)
(306.5517039299011, 6)
(307.06752490997314, 2)
(307.5884988307953, 2)
(308.1155848503113, 2)
(308.6403338909149, 2)
(309.1624798774719, 1)
(309.69119596481323, 14)
(310.21910285949707, 41)
(310.73774695396423, 71)
(311.24424600601196, 79)
(311.7529468536377, 26)
(312.26524782180786, 4)
(312.7735879421234, 4)
(313.28331685066223, 4)
(313.79201078414917, 3)
(314.3037350177765, 1)
(314.81506085395813, 0)
(315.33216094970703, 0)
(315.86289501190186, 8)
(316.38282084465027, 21)
(316.91025495529175, 43)
(317.4349830150604, 78)
(317.9507420063019, 17)
(318.4654219150543, 12)
(319.0030689239502, 13)
(319.5197968482971, 10)
(320.03649497032166, 13)
(320.5452218055725, 4)
(321.0580759048462, 3)
(321.57467794418335, 2)
(322.0863399505615, 2)
(322.6010649204254, 0)
(323.11677289009094, 0)
(323.64445090293884, 0)
(324.1512248516083, 0)
(324.6700758934021, 0)
(325.1913239955902, 14)
(325.71061992645264, 67)
(326.2388858795166, 95)
(326.7553129196167, 85)
(327.27631282806396, 34)
(327.8000569343567, 7)
(328.322625875473, 6)
(328.85507798194885, 46)
(329.3793799877167, 44)
(329.9100430011749, 41)
(330.4343478679657, 13)
(330.9504678249359, 2)
(331.4665448665619, 17)
(331.98756098747253, 24)
(332.50699281692505, 49)
(333.0295498371124, 47)
(333.5521810054779, 12)
(334.07155084609985, 5)
(334.5959048271179, 4)
(335.1266038417816, 59)
(335.6492099761963, 46)
(336.1604549884796, 66)
(336.67178201675415, 85)
(337.191015958786, 88)
(337.7103798389435, 52)
(338.2314360141754, 8)
(338.7443058490753, 12)
(339.2638428211212, 55)
(339.7775709629059, 29)
(340.2871367931366, 59)
(340.8100118637085, 56)
(341.3293569087982, 52)
(341.84537291526794, 49)
(342.3813228607178, 29)
(342.9067838191986, 5)
(343.42623591423035, 2)
(343.93222999572754, 11)
(344.4510929584503, 32)
(344.9643077850342, 73)
(345.47933888435364, 84)
(345.9981849193573, 94)
(346.5057179927826, 71)
(347.01436495780945, 84)
(347.522784948349, 82)
(348.0309958457947, 58)
(348.53934693336487, 45)
(349.0640959739685, 45)
(349.5835099220276, 50)
(350.105507850647, 47)
(350.626179933548, 57)
(351.1464579105377, 109)
(351.6723039150238, 123)
(352.19733691215515, 131)
(352.71716499328613, 100)
(353.2439708709717, 55)
(353.7650167942047, 49)
(354.29302883148193, 56)
(354.81038093566895, 45)
(355.3276858329773, 12)
(355.84981894493103, 7)
(356.37121391296387, 6)
(356.8924798965454, 18)
(357.4148108959198, 7)
(357.93509697914124, 35)
(358.4561948776245, 77)
(358.97834491729736, 65)
(359.4987509250641, 44)
(360.02828884124756, 44)
(360.5531098842621, 43)
(361.08599185943604, 49)
(361.594673871994, 41)
(362.13767194747925, 52)
(362.66225600242615, 74)
(363.1880979537964, 97)
(363.7096679210663, 94)
(364.22838282585144, 60)
(364.75022888183594, 119)
(365.25919580459595, 123)
(365.7668228149414, 93)
(366.29547595977783, 114)
(366.8042149543762, 122)
(367.3234260082245, 125)
(367.8468129634857, 132)
(368.3652889728546, 109)
(368.87697291374207, 80)
(369.3860499858856, 47)
(369.9153559207916, 54)
(370.4231448173523, 60)
(370.94304394721985, 48)
(371.4628119468689, 17)
(371.9832639694214, 13)
(372.50695395469666, 14)
(373.0346579551697, 36)
(373.5563349723816, 8)
(374.0670700073242, 18)
(374.5757598876953, 27)
(375.09452390670776, 9)
(375.6282138824463, 13)
(376.14586091041565, 8)
(376.65860390663147, 6)
(377.17733883857727, 14)
(377.69303798675537, 4)
(378.21474599838257, 2)
(378.73445296287537, 2)
(379.2591669559479, 2)
(379.7788829803467, 21)
(380.2965669631958, 42)
(380.8202278614044, 56)
(381.346941947937, 115)
(381.870178937912, 133)
(382.4243748188019, 127)
(382.94373297691345, 128)
(383.471745967865, 110)
(383.9864490032196, 89)
(384.51326298713684, 70)
(385.0346348285675, 53)
(385.5532639026642, 52)
(386.081396818161, 57)
(386.6054627895355, 19)
(387.11873483657837, 6)
(387.6468539237976, 36)
(388.15999698638916, 75)
(388.6745538711548, 97)
(389.2014060020447, 121)
(389.7404019832611, 104)
(390.26349782943726, 64)
(390.78293085098267, 48)
(391.30162501335144, 80)
(391.8272500038147, 47)
(392.3432219028473, 11)
(392.8633499145508, 7)
(393.38076996803284, 14)
(393.89954686164856, 6)
(394.4218227863312, 3)
(394.9446368217468, 27)
(395.4647970199585, 6)
(395.98357701301575, 5)
(396.5117700099945, 6)
(397.04813385009766, 9)
(397.5668959617615, 2)
(398.0910668373108, 3)
(398.6098380088806, 2)
(399.1272759437561, 2)
(399.6474139690399, 0)
(400.16752099990845, 0)
(400.6822907924652, 6)
(401.2023718357086, 2)
(401.7319757938385, 2)
(402.2535138130188, 2)
(402.7759368419647, 2)
(403.29695892333984, 0)
(403.815691947937, 0)
(404.3354859352112, 0)
(404.8600778579712, 8)
(405.3834948539734, 2)
(405.90451097488403, 2)
(406.432678937912, 2)
(406.96556186676025, 9)
(407.49366188049316, 7)
(408.00760078430176, 4)
(408.5358347892761, 11)
(409.05441093444824, 45)
(409.57971000671387, 44)
(410.0965678691864, 51)
(410.62458992004395, 21)
(411.14389991760254, 12)
(411.65919399261475, 10)
(412.1793329715729, 7)
(412.7027928829193, 2)
(413.2196807861328, 0)
(413.7379848957062, 0)
(414.25163888931274, 0)
(414.7719008922577, 15)
(415.30342197418213, 12)
(415.8542129993439, 50)
(416.3716769218445, 53)
(416.8901529312134, 57)
(417.398885011673, 6)
(417.9141228199005, 6)
(418.4508719444275, 16)
(418.97581791877747, 8)
(419.4905250072479, 14)
(420.0128757953644, 6)
(420.53467297554016, 5)
(421.063768863678, 3)
(421.5848569869995, 2)
(422.1044487953186, 10)
(422.63652300834656, 2)
(423.16900181770325, 39)
(423.675509929657, 10)
(424.1910548210144, 4)
(424.7103238105774, 11)
(425.2245669364929, 4)
(425.7378759384155, 10)
(426.2563238143921, 4)
(426.77121782302856, 4)
(427.2911148071289, 35)
(427.8085877895355, 29)
(428.3311219215393, 31)
(428.8561508655548, 28)
(429.3752748966217, 53)
(429.8962309360504, 53)
(430.42122197151184, 51)
(430.9489939212799, 41)
(431.46671080589294, 40)
(431.98203587532043, 40)
(432.49908781051636, 19)
(433.0139129161835, 4)
(433.5344088077545, 18)
(434.05014991760254, 76)
(434.568815946579, 60)
(435.09377098083496, 18)
(435.6107099056244, 9)
(436.1339988708496, 13)
(436.64955592155457, 11)
(437.1743588447571, 46)
(437.7007567882538, 43)
(438.2210838794708, 42)
(438.745157957077, 34)
(439.26923298835754, 2)
(439.7875738143921, 15)
(440.3117289543152, 13)
(440.8442349433899, 6)
(441.36549186706543, 5)
(441.8881058692932, 5)
(442.41503286361694, 20)
(442.944787979126, 12)
(443.4718849658966, 7)
(444.00286984443665, 6)
(444.511421918869, 6)
(445.0381989479065, 2)
(445.572212934494, 12)
(446.09344387054443, 2)
(446.61043095588684, 2)
(447.13138484954834, 2)
(447.64729285240173, 10)
(448.172593832016, 37)
(448.6945598125458, 43)
(449.21590089797974, 19)
(449.7355408668518, 4)
(450.2610638141632, 2)
(450.7886118888855, 2)
(451.3162159919739, 2)
(451.8436939716339, 0)
(452.38877391815186, 11)
(452.9304039478302, 8)
(453.44997382164, 68)
(453.96693181991577, 136)
(454.4872817993164, 129)
(455.0050139427185, 107)
(455.5226049423218, 88)
(456.0456647872925, 93)
(456.57347989082336, 85)
(457.09436893463135, 86)
(457.6170618534088, 51)
(458.1363389492035, 57)
(458.6590898036957, 92)
(459.16508197784424, 92)
(459.6881489753723, 87)
(460.2073907852173, 70)
(460.71627378463745, 34)
(461.2398188114166, 6)
(461.7637128829956, 19)
(462.27938199043274, 40)
(462.79644680023193, 47)
(463.3094928264618, 52)
(463.8305609226227, 44)
(464.34490990638733, 42)
(464.8605988025665, 68)
(465.3816509246826, 82)
(465.90911293029785, 82)
(466.42612385749817, 45)
(466.94981598854065, 44)
(467.46956992149353, 26)
(467.98262786865234, 4)
(468.4970028400421, 3)
(469.01799297332764, 3)
(469.53509187698364, 28)
(470.05742597579956, 42)
(470.57709097862244, 40)
(471.0978858470917, 59)
(471.6296088695526, 57)
(472.14415884017944, 90)
(472.6550188064575, 89)
(473.1748068332672, 70)
(473.69121193885803, 39)
(474.2143609523773, 10)
(474.7351498603821, 10)
(475.2586009502411, 32)
(475.77925395965576, 46)
(476.2951469421387, 72)
(476.82684993743896, 31)
(477.34959387779236, 35)
(477.8738257884979, 9)
(478.3907849788666, 11)
(478.90756583213806, 12)
(479.41694593429565, 5)
(479.9382338523865, 4)
(480.4558138847351, 10)
(480.97787594795227, 44)
(481.50060987472534, 42)
(482.01893401145935, 43)
(482.5372529029846, 43)
(483.0583930015564, 45)
(483.58723282814026, 46)
(484.10393381118774, 66)
(484.6164798736572, 120)
(485.1333119869232, 125)
(485.6542999744415, 101)
(486.17096185684204, 90)
(486.6920919418335, 90)
(487.21196699142456, 70)
(487.7318239212036, 38)
(488.25436902046204, 9)
(488.77683901786804, 15)
(489.2981479167938, 7)
(489.81524991989136, 31)
(490.33774495124817, 44)
(490.8567500114441, 54)
(491.37261295318604, 79)
(491.89105582237244, 95)
(492.41290283203125, 88)
(492.9216248989105, 88)
(493.4303069114685, 87)
(493.9570298194885, 102)
(494.46476793289185, 90)
(494.98646998405457, 86)
(495.51110196113586, 94)
(496.0292580127716, 90)
(496.5380368232727, 86)
(497.04686188697815, 15)
(497.56171679496765, 33)
(498.083331823349, 54)
(498.5909209251404, 67)
(499.0985767841339, 43)
(499.61674880981445, 17)
(500.1373507976532, 57)
(500.6591339111328, 52)
(501.18555879592896, 49)
(501.7049629688263, 4)
(502.2290849685669, 38)
(502.74843883514404, 74)
(503.27257680892944, 90)
(503.79712080955505, 92)
(504.3213138580322, 77)
(504.83833384513855, 86)
(505.358934879303, 90)
(505.87947392463684, 67)
(506.40242290496826, 49)
(506.9281828403473, 88)
(507.4380249977112, 82)
(507.9606659412384, 86)
(508.481467962265, 82)
(509.00399589538574, 82)
(509.53132700920105, 89)
(510.05803179740906, 90)
(510.58288192749023, 91)
(511.09826588630676, 112)
(511.6225218772888, 127)
(512.1422388553619, 125)
(512.6507878303528, 115)
(513.1906340122223, 144)
(513.7112009525299, 131)
(514.2286398410797, 98)
(514.7678029537201, 92)
(515.285484790802, 125)
(515.8097608089447, 92)
(516.3338458538055, 124)
(516.8422617912292, 186)
(517.3555629253387, 135)
(517.8761239051819, 199)
(518.3890278339386, 153)
(518.8977289199829, 100)
(519.412230014801, 87)
(519.9206168651581, 90)
(520.4290227890015, 87)
(520.937392950058, 65)
(521.445611000061, 43)
(521.9593608379364, 46)
(522.4831478595734, 44)
(522.9969439506531, 47)
(523.5120708942413, 66)
(524.0416429042816, 86)
(524.5606908798218, 53)
(525.0829379558563, 51)
(525.6188127994537, 56)
(526.1368868350983, 38)
(526.6551899909973, 16)
(527.1645419597626, 45)
(527.687421798706, 46)
(528.2185118198395, 13)
(528.7660238742828, 9)
(529.2930459976196, 70)
(529.8171339035034, 74)
(530.3338549137115, 30)
(530.853542804718, 9)
(531.3644099235535, 7)
(531.8840939998627, 6)
(532.4066779613495, 72)
(532.9326229095459, 100)
(533.4607028961182, 147)
(533.9830758571625, 122)
(534.4950280189514, 98)
(535.0136888027191, 52)
(535.5418388843536, 53)
(536.0661818981171, 48)
(536.5826139450073, 32)
(537.0978479385376, 37)
(537.6208138465881, 43)
(538.1386950016022, 43)
(538.6616659164429, 42)
(539.1807157993317, 41)
(539.7037010192871, 52)
(540.2266499996185, 74)
(540.7419009208679, 90)
(541.26056599617, 93)
(541.7859408855438, 93)
(542.3152368068695, 78)
(542.8382539749146, 49)
(543.3519668579102, 77)
(543.8598749637604, 76)
(544.3811848163605, 19)
(544.9030759334564, 10)
(545.4307458400726, 16)
(545.9513828754425, 11)
(546.4867379665375, 8)
(547.0255208015442, 64)
(547.54856300354, 47)
(548.0704169273376, 34)
(548.5911138057709, 6)
(549.1047348976135, 12)
(549.6254439353943, 43)
(550.1484580039978, 49)
(550.6726949214935, 44)
(551.1910378932953, 42)
(551.7064809799194, 53)
(552.2352068424225, 59)
(552.7487878799438, 58)
(553.2594878673553, 93)
(553.7859318256378, 94)
(554.318559885025, 103)
(554.845452785492, 86)
(555.3590779304504, 53)
(555.8760008811951, 50)
(556.3934459686279, 36)
(556.9261639118195, 9)
(557.4388689994812, 10)
(557.9534938335419, 8)
(558.4777059555054, 18)
(558.9938387870789, 17)
(559.5148499011993, 6)
(560.0261538028717, 11)
(560.538959980011, 12)
(561.0633180141449, 6)
(561.5825159549713, 4)
(562.0969848632812, 4)
(562.6280519962311, 3)
(563.1617558002472, 28)
(563.6762847900391, 43)
(564.1922988891602, 67)
(564.7080678939819, 44)
(565.2354769706726, 48)
(565.7667849063873, 42)
(566.2893068790436, 20)
(566.8076918125153, 3)
(567.320286989212, 11)
(567.8309597969055, 20)
(568.3404548168182, 8)
(568.854015827179, 30)
(569.3758339881897, 129)
(569.8926358222961, 93)
(570.4005038738251, 92)
(570.9259397983551, 80)
(571.445524930954, 65)
(571.9524610042572, 72)
(572.4628047943115, 89)
(572.981122970581, 90)
(573.4948480129242, 83)
(574.0180377960205, 95)
(574.5735847949982, 82)
(575.1173529624939, 89)
(575.6499109268188, 78)
(576.1635529994965, 32)
(576.6881058216095, 15)
(577.2041230201721, 10)
(577.7231419086456, 48)
(578.23916888237, 65)
(578.759917974472, 56)
(579.2770090103149, 54)
(579.7987878322601, 49)
(580.3294179439545, 54)
(580.8574459552765, 72)
(581.3736319541931, 87)
(581.8972959518433, 79)
(582.411623954773, 53)
(582.9276878833771, 48)
(583.4404458999634, 44)
(583.9548799991608, 44)
(584.4723048210144, 48)
(585.0005939006805, 56)
(585.5227689743042, 54)
(586.054426908493, 12)
(586.5913019180298, 18)
(587.1446239948273, 88)
(587.6627538204193, 84)
(588.1808497905731, 82)
(588.6962909698486, 49)
(589.2185618877411, 43)
(589.7353508472443, 42)
(590.2507359981537, 42)
(590.7665297985077, 43)
(591.28293800354, 48)
(591.803811788559, 43)
(592.3277118206024, 43)
(592.8550479412079, 16)
(593.3718819618225, 4)
(593.8845338821411, 18)
(594.3999218940735, 12)
(594.9140138626099, 7)
(595.4348750114441, 4)
(595.9502940177917, 9)
(596.4676129817963, 5)
(596.9779448509216, 31)
(597.5197808742523, 44)
(598.0451729297638, 42)
(598.5572018623352, 42)
(599.0901489257812, 40)
(599.61869597435, 42)
(600.1394557952881, 74)
(600.6612679958344, 80)
(601.1779978275299, 58)
(601.6989188194275, 42)
(602.2234058380127, 6)
(602.7443089485168, 12)
(603.2598698139191, 8)
(603.7790198326111, 6)
(604.2927968502045, 4)
(604.8101899623871, 2)
(605.3293898105621, 1)
(605.846638917923, 43)
(606.3683018684387, 43)
(606.8818929195404, 43)
(607.404956817627, 24)
(607.953341960907, 9)
(608.4686069488525, 4)
(608.9871699810028, 5)
(609.5017359256744, 25)
(610.0161309242249, 42)
(610.5334808826447, 47)
(611.0583498477936, 12)
(611.5760388374329, 7)
(612.0951709747314, 28)
(612.612382888794, 49)
(613.1260688304901, 45)
(613.6497328281403, 25)
(614.169440984726, 36)
(614.6887969970703, 4)
(615.2090458869934, 39)
(615.7286698818207, 19)
(616.2713968753815, 9)
(616.7853908538818, 7)
(617.2958369255066, 6)
(617.820634841919, 4)
(618.3311128616333, 1)
(618.8433079719543, 0)
(619.3626937866211, 11)
(619.8767838478088, 2)
(620.3979489803314, 2)
(620.9155328273773, 2)
(621.4439058303833, 2)
(621.9793939590454, 0)
(622.4916908740997, 10)
(623.0399339199066, 7)
(623.5717389583588, 13)
