(0.5016388893127441, 1)
(1.019439935684204, 2)
(1.5337669849395752, 1)
(2.0532288551330566, 0)
(2.5713658332824707, 0)
(3.089063882827759, 0)
(3.602630853652954, 1)
(4.1208038330078125, 0)
(4.636648893356323, 0)
(5.15888786315918, 0)
(5.672548770904541, 0)
(6.191493988037109, 0)
(6.710629940032959, 1)
(7.227602005004883, 3)
(7.744367837905884, 3)
(8.270108938217163, 4)
(8.81121277809143, 5)
(9.3331458568573, 3)
(9.846714973449707, 1)
(10.355165958404541, 3)
(10.876429796218872, 0)
(11.39662790298462, 1)
(11.917823791503906, 1)
(12.433944940567017, 1)
(12.956624984741211, 2)
(13.469052791595459, 1)
(13.989962816238403, 4)
(14.515953779220581, 1)
(15.03607177734375, 4)
(15.55370283126831, 5)
(16.076717853546143, 4)
(16.680601835250854, 2)
(17.22508978843689, 1)
(17.752848863601685, 0)
(18.2773277759552, 2)
(18.791693925857544, 0)
(19.309009790420532, 0)
(19.845651865005493, 1)
(20.369386911392212, 1)
(20.880183935165405, 1)
(21.399393796920776, 2)
(21.907871961593628, 2)
(22.42396593093872, 2)
(22.95620584487915, 1)
(23.47484278678894, 2)
(23.990551948547363, 0)
(24.501140832901, 0)
(25.015124797821045, 0)
(25.527490854263306, 0)
(26.040758848190308, 4)
(26.554359912872314, 2)
(27.074885845184326, 4)
(27.58388590812683, 4)
(28.103397846221924, 5)
(28.627978801727295, 4)
(29.14596390724182, 1)
(29.663895845413208, 0)
(30.17367696762085, 0)
(30.681612968444824, 1)
(31.201319932937622, 1)
(31.72089982032776, 0)
(32.23725700378418, 1)
(32.753495931625366, 1)
(33.26815581321716, 0)
(33.8043749332428, 2)
(34.32603883743286, 2)
(34.84888982772827, 3)
(35.3674099445343, 2)
(35.88918495178223, 3)
(36.40933799743652, 2)
(36.93822979927063, 4)
(37.454577922821045, 3)
(37.981345891952515, 3)
(38.51136898994446, 1)
(39.06423997879028, 1)
(39.58929395675659, 0)
(40.12418484687805, 0)
(40.655579805374146, 1)
(41.1727237701416, 0)
(41.68474292755127, 0)
(42.19672989845276, 0)
(42.71234488487244, 1)
(43.25512886047363, 0)
(43.79168391227722, 0)
(44.3151798248291, 0)
(44.83537292480469, 0)
(45.359434843063354, 0)
(45.884450912475586, 0)
(46.401535987854004, 0)
(46.921817779541016, 0)
(47.43988585472107, 0)
(47.97999095916748, 0)
(48.498353004455566, 2)
(49.013964891433716, 0)
(49.54024386405945, 0)
(50.065945863723755, 2)
(50.586296796798706, 0)
(51.10379099845886, 0)
(51.62286591529846, 1)
(52.15356492996216, 1)
(52.677273988723755, 2)
(53.19575881958008, 2)
(53.71386694908142, 2)
(54.25270485877991, 1)
(54.76270294189453, 3)
(55.30566692352295, 2)
(55.84165287017822, 2)
(56.3625807762146, 1)
(56.88499999046326, 1)
(57.400755882263184, 1)
(57.933260917663574, 4)
(58.469263792037964, 3)
(58.97636699676514, 4)
(59.488823890686035, 3)
(60.00127577781677, 4)
(60.54541087150574, 3)
(61.05842685699463, 2)
(61.57698678970337, 1)
(62.08647394180298, 0)
(62.61073184013367, 0)
(63.12032890319824, 0)
(63.633145809173584, 0)
(64.14769077301025, 2)
(64.6555027961731, 0)
(65.16432595252991, 1)
(65.67228889465332, 1)
(66.18179082870483, 3)
(66.6897988319397, 3)
(67.22217392921448, 3)
(67.73338389396667, 3)
(68.25436997413635, 2)
(68.76720190048218, 0)
(69.27933883666992, 0)
(69.80103898048401, 0)
(70.31880378723145, 1)
(70.83819890022278, 0)
(71.34609580039978, 1)
(71.86057782173157, 0)
(72.37715077400208, 1)
(72.90490698814392, 1)
(73.42733883857727, 2)
(73.95208191871643, 2)
(74.46518588066101, 1)
(74.97885799407959, 1)
(75.48936486244202, 3)
(75.99858283996582, 0)
(76.507976770401, 3)
(77.0336709022522, 1)
(77.54309296607971, 1)
(78.05340790748596, 1)
(78.5818099975586, 1)
(79.10564088821411, 0)
(79.6231918334961, 1)
(80.14045977592468, 2)
(80.65833592414856, 1)
(81.16661286354065, 2)
(81.67495393753052, 1)
(82.21129298210144, 2)
(82.73640584945679, 0)
(83.25396394729614, 3)
(83.77530598640442, 1)
(84.28501486778259, 1)
(84.80892992019653, 2)
(85.33103394508362, 1)
(85.854984998703, 1)
(86.3781418800354, 2)
(86.89326000213623, 0)
(87.41961097717285, 1)
(87.9428699016571, 4)
(88.46012592315674, 3)
(88.9828588962555, 2)
(89.50112581253052, 3)
(90.02308988571167, 3)
(90.54486179351807, 3)
(91.0661129951477, 3)
(91.59616780281067, 3)
(92.10420393943787, 2)
(92.63630700111389, 2)
(93.15324687957764, 0)
(93.6725058555603, 1)
(94.18300580978394, 1)
(94.69100689888, 1)
(95.20030093193054, 1)
(95.72856879234314, 1)
(96.25179290771484, 1)
(96.76862597465515, 1)
(97.30322098731995, 0)
(97.82637596130371, 0)
(98.35331797599792, 1)
(98.87654280662537, 0)
(99.38452100753784, 1)
(99.89777779579163, 0)
(100.40685796737671, 0)
(100.91994285583496, 1)
(101.43510699272156, 1)
(101.9590859413147, 0)
(102.48888087272644, 0)
(103.01959300041199, 0)
(103.53688979148865, 2)
(104.05112481117249, 4)
(104.57253384590149, 2)
(105.08959293365479, 3)
(105.6019778251648, 4)
(106.11225390434265, 2)
(106.62513279914856, 1)
(107.1442039012909, 1)
(107.65254092216492, 2)
(108.17862391471863, 1)
(108.70253586769104, 1)
(109.2240469455719, 2)
(109.7458279132843, 1)
(110.2797019481659, 2)
(110.8208270072937, 2)
(111.34201884269714, 3)
(111.8524718284607, 4)
(112.39056992530823, 3)
(112.91182279586792, 4)
(113.41890287399292, 2)
(113.93085289001465, 3)
(114.45544695854187, 1)
(114.96366381645203, 3)
(115.47632193565369, 2)
(115.99017095565796, 3)
(116.50290989875793, 3)
(117.0169289112091, 3)
(117.5332977771759, 3)
(118.0485999584198, 3)
(118.56986379623413, 6)
(119.09047889709473, 5)
(119.61778092384338, 7)
(120.13813495635986, 8)
(120.66977787017822, 4)
(121.1832389831543, 7)
(121.72517800331116, 7)
(122.23966479301453, 4)
(122.75439286231995, 8)
(123.26376485824585, 6)
(123.78053879737854, 2)
(124.29281187057495, 3)
(124.80704498291016, 2)
(125.32835578918457, 1)
(125.85280895233154, 2)
(126.37689685821533, 1)
(126.90386295318604, 1)
(127.42638182640076, 1)
(127.94427299499512, 1)
(128.47599291801453, 1)
(129.00192999839783, 2)
(129.5209879875183, 1)
(130.0441358089447, 2)
(130.56331491470337, 2)
(131.10418891906738, 3)
(131.6125168800354, 2)
(132.1195387840271, 1)
(132.62650084495544, 0)
(133.13789677619934, 2)
(133.6566698551178, 2)
(134.19074988365173, 5)
(134.70663189888, 4)
(135.22351479530334, 5)
(135.7373869419098, 4)
(136.25057291984558, 4)
(136.77263283729553, 4)
(137.29290294647217, 2)
(137.80122590065002, 2)
(138.31236791610718, 0)
(138.82601594924927, 1)
(139.35058879852295, 0)
(139.89397478103638, 1)
(140.43472695350647, 0)
(140.957190990448, 0)
(141.46945595741272, 0)
(141.98495197296143, 2)
(142.5086739063263, 1)
(143.03099393844604, 0)
(143.55047082901, 2)
(144.0669708251953, 2)
(144.58734798431396, 2)
(145.10164880752563, 2)
(145.6207399368286, 2)
(146.142502784729, 2)
(146.66425681114197, 0)
(147.1845259666443, 0)
(147.7004590034485, 0)
(148.21358799934387, 2)
(148.72796487808228, 2)
(149.2482419013977, 0)
(149.76562190055847, 1)
(150.274267911911, 1)
(150.7814748287201, 0)
(151.29018592834473, 0)
(151.79885292053223, 0)
(152.30744290351868, 0)
(152.81605195999146, 0)
(153.34520196914673, 0)
(153.85965299606323, 0)
(154.37269377708435, 1)
(154.89589500427246, 1)
(155.41248083114624, 0)
(155.93116092681885, 0)
(156.4528088569641, 0)
(156.97786688804626, 0)
(157.49373483657837, 0)
(158.01352977752686, 1)
(158.5528769493103, 0)
(159.06257581710815, 0)
(159.57539296150208, 1)
(160.09722995758057, 0)
(160.61884880065918, 1)
(161.15109491348267, 0)
(161.6761929988861, 0)
(162.1896698474884, 1)
(162.70026683807373, 0)
(163.22105979919434, 1)
(163.74792885780334, 0)
(164.26761388778687, 0)
(164.78731679916382, 1)
(165.3157548904419, 0)
(165.84258580207825, 1)
(166.3898890018463, 2)
(166.95849299430847, 3)
(167.480721950531, 2)
(167.99638295173645, 2)
(168.5130579471588, 2)
(169.03747987747192, 1)
(169.55275797843933, 1)
(170.07532477378845, 0)
(170.59652185440063, 0)
(171.12199687957764, 0)
(171.6448838710785, 1)
(172.16820883750916, 1)
(172.68545079231262, 0)
(173.21184182167053, 1)
(173.74272298812866, 1)
(174.29725694656372, 0)
(174.82324886322021, 0)
(175.33923888206482, 0)
(175.85849690437317, 2)
(176.373055934906, 0)
(176.88832879066467, 3)
(177.40440392494202, 2)
(177.92182993888855, 3)
(178.4429178237915, 2)
(178.95502185821533, 2)
(179.4674789905548, 2)
(179.9799199104309, 0)
(180.50568389892578, 1)
(181.0297508239746, 1)
(181.5489308834076, 1)
(182.06632089614868, 1)
(182.60045981407166, 1)
(183.11957597732544, 1)
(183.6334719657898, 2)
(184.1561667919159, 2)
(184.68859577178955, 2)
(185.20264887809753, 2)
(185.7217879295349, 3)
(186.2490518093109, 1)
(186.7715539932251, 0)
(187.30096292495728, 3)
(187.82031393051147, 0)
(188.33668279647827, 2)
(188.85511994361877, 1)
(189.37837600708008, 0)
(189.90434193611145, 2)
(190.42552280426025, 2)
(190.9450328350067, 1)
(191.49126386642456, 1)
(192.00522184371948, 1)
(192.52826499938965, 1)
(193.0525608062744, 2)
(193.5805699825287, 2)
(194.0898678302765, 2)
(194.6055347919464, 2)
(195.1173129081726, 2)
(195.63905096054077, 2)
(196.15216398239136, 3)
(196.66600799560547, 0)
(197.18081378936768, 1)
(197.70888781547546, 1)
(198.243097782135, 1)
(198.77239799499512, 1)
(199.30296897888184, 0)
(199.8397159576416, 0)
(200.36172580718994, 2)
(200.8895378112793, 0)
(201.42630195617676, 1)
(201.9618899822235, 1)
(202.48284077644348, 2)
(203.0094609260559, 2)
(203.529394865036, 2)
(204.0576457977295, 2)
(204.57058191299438, 3)
(205.08975291252136, 2)
(205.6212179660797, 2)
(206.15427899360657, 5)
(206.66396689414978, 3)
(207.19400882720947, 6)
(207.7208969593048, 5)
(208.2305989265442, 4)
(208.74653697013855, 1)
(209.25440287590027, 0)
(209.76553082466125, 0)
(210.2726709842682, 1)
(210.7806589603424, 0)
(211.28851890563965, 0)
(211.8020679950714, 0)
(212.32190990447998, 0)
(212.8484959602356, 1)
(213.3582317829132, 1)
(213.87176990509033, 2)
(214.38265681266785, 1)
(214.89744591712952, 4)
(215.40936994552612, 2)
(215.9181628227234, 4)
(216.4332468509674, 2)
(216.95935583114624, 3)
(217.47728085517883, 0)
(217.99632382392883, 0)
(218.52033185958862, 1)
(219.04105687141418, 2)
(219.55308079719543, 2)
(220.06959891319275, 2)
(220.58312487602234, 3)
(221.10647797584534, 2)
(221.62751293182373, 2)
(222.1529757976532, 2)
(222.67834877967834, 0)
(223.19109177589417, 0)
(223.714106798172, 1)
(224.2366189956665, 1)
(224.77027583122253, 3)
(225.28079295158386, 0)
(225.79997992515564, 2)
(226.33090090751648, 2)
(226.8632447719574, 1)
(227.38721585273743, 0)
(227.90745997428894, 0)
(228.42861485481262, 1)
(228.94831585884094, 1)
(229.4738450050354, 1)
(230.00116181373596, 1)
(230.53156995773315, 1)
(231.04990077018738, 1)
(231.56755900382996, 1)
(232.08800196647644, 2)
(232.60948300361633, 3)
(233.12976384162903, 3)
(233.6440839767456, 1)
(234.1538519859314, 2)
(234.68778681755066, 2)
(235.2123739719391, 2)
(235.72738194465637, 1)
(236.24903988838196, 1)
(236.7651138305664, 1)
(237.2713108062744, 3)
(237.78034687042236, 2)
(238.2931478023529, 2)
(238.808819770813, 3)
(239.32530879974365, 3)
(239.84404683113098, 1)
(240.35316681861877, 1)
(240.86509895324707, 1)
(241.37975692749023, 0)
(241.90120792388916, 0)
(242.43379378318787, 0)
(242.95772290229797, 1)
(243.47100591659546, 1)
(243.9829068183899, 0)
(244.49345779418945, 0)
(245.00675582885742, 2)
(245.51594877243042, 2)
(246.0387167930603, 0)
(246.55360984802246, 1)
(247.07354497909546, 1)
(247.59904384613037, 0)
(248.12058091163635, 0)
(248.63658094406128, 1)
(249.15450978279114, 2)
(249.67524790763855, 1)
(250.20381593704224, 2)
(250.7278537750244, 3)
(251.2649359703064, 3)
(251.77997088432312, 4)
(252.30366396903992, 5)
(252.83034682273865, 3)
(253.35745477676392, 3)
(253.87558794021606, 5)
(254.38592982292175, 3)
(254.91592597961426, 2)
(255.44331288337708, 1)
(255.96128582954407, 0)
(256.48471188545227, 1)
(257.00649785995483, 0)
(257.52340292930603, 0)
(258.05011796951294, 0)
(258.57692885398865, 1)
(259.0953919887543, 1)
(259.61062693595886, 0)
(260.1292598247528, 1)
(260.645977973938, 1)
(261.16455578804016, 1)
(261.6782147884369, 1)
(262.21341586112976, 1)
(262.7276117801666, 1)
(263.2505347728729, 1)
(263.7643918991089, 0)
(264.2849209308624, 0)
(264.8053619861603, 0)
(265.3292598724365, 0)
(265.84474992752075, 0)
(266.36513686180115, 1)
(266.8798608779907, 2)
(267.40960597991943, 4)
(267.92607378959656, 0)
(268.45213294029236, 3)
(268.9743549823761, 3)
(269.49825286865234, 2)
(270.00753593444824, 1)
(270.53652596473694, 1)
(271.0610280036926, 1)
(271.58199882507324, 0)
(272.10430884361267, 0)
(272.61942291259766, 0)
(273.14037799835205, 0)
(273.6598379611969, 0)
(274.1924328804016, 0)
(274.7394058704376, 2)
(275.2563498020172, 1)
(275.8001117706299, 0)
(276.3224558830261, 1)
(276.84778881073, 0)
(277.38033294677734, 1)
(277.90994596481323, 2)
(278.43521094322205, 0)
(278.96419191360474, 1)
(279.50049090385437, 1)
(280.0181999206543, 0)
(280.54057693481445, 1)
(281.0579979419708, 0)
(281.5915780067444, 0)
(282.1283528804779, 0)
(282.643923997879, 1)
(283.17289996147156, 0)
(283.69808077812195, 0)
(284.2229058742523, 0)
(284.7500967979431, 2)
(285.2830958366394, 1)
(285.8169708251953, 0)
(286.3416669368744, 1)
(286.8559219837189, 1)
(287.37478590011597, 1)
(287.8973569869995, 1)
(288.4247188568115, 3)
(288.9513659477234, 0)
(289.4791169166565, 0)
(290.00575399398804, 0)
(290.5480408668518, 0)
(291.07689690589905, 0)
(291.60259079933167, 0)
(292.1186008453369, 2)
(292.64014196395874, 2)
(293.15473890304565, 0)
(293.6805589199066, 4)
(294.1947638988495, 5)
(294.73334193229675, 5)
(295.2688179016113, 4)
(295.7861649990082, 3)
(296.30320596694946, 4)
(296.82200479507446, 2)
(297.37326192855835, 4)
(297.8864049911499, 5)
(298.40409088134766, 5)
(298.93516397476196, 3)
(299.46264600753784, 1)
(299.9889409542084, 1)
(300.50887179374695, 2)
(301.0284729003906, 0)
(301.5471739768982, 2)
(302.0701789855957, 1)
(302.5847737789154, 2)
(303.1021089553833, 2)
(303.6180818080902, 2)
(304.1465439796448, 2)
(304.66694593429565, 1)
(305.20426392555237, 1)
(305.72426199913025, 1)
(306.2402060031891, 1)
(306.77147793769836, 1)
(307.28741979599, 1)
(307.81458592414856, 1)
(308.3472218513489, 1)
(308.8687229156494, 0)
(309.3971838951111, 0)
(309.9159429073334, 1)
(310.43186497688293, 1)
(310.95363092422485, 0)
(311.47639083862305, 0)
(311.99614095687866, 0)
(312.51246881484985, 0)
(313.04228591918945, 0)
(313.5763998031616, 0)
(314.0919167995453, 0)
(314.60530281066895, 0)
(315.1254940032959, 0)
(315.6458158493042, 1)
(316.1590769290924, 0)
(316.69663095474243, 1)
(317.21278977394104, 1)
(317.75159883499146, 3)
(318.28648686408997, 0)
(318.79864978790283, 3)
(319.31780791282654, 2)
(319.84584879875183, 2)
(320.3683919906616, 0)
(320.896253824234, 0)
(321.42062497138977, 0)
(321.93388199806213, 0)
(322.4460039138794, 0)
(322.9651358127594, 0)
(323.47792887687683, 0)
(323.9988799095154, 0)
(324.51624393463135, 0)
(325.03179597854614, 1)
(325.549174785614, 2)
(326.07009196281433, 1)
(326.5987138748169, 0)
(327.1165428161621, 0)
(327.64518690109253, 0)
(328.1729428768158, 0)
(328.6950738430023, 1)
(329.2132558822632, 0)
(329.7324798107147, 0)
(330.2507758140564, 0)
(330.76906085014343, 0)
(331.2887098789215, 1)
(331.80266189575195, 2)
(332.31804299354553, 4)
(332.83355379104614, 3)
(333.35469794273376, 3)
(333.8772277832031, 3)
(334.4071547985077, 0)
(334.92524695396423, 2)
(335.44346284866333, 1)
(335.9574239253998, 1)
(336.48124599456787, 1)
(337.00545477867126, 2)
(337.53010082244873, 3)
(338.0520508289337, 1)
(338.5846657752991, 1)
(339.12334084510803, 3)
(339.6490788459778, 1)
(340.17029881477356, 3)
(340.6865909099579, 4)
(341.20296597480774, 3)
(341.7216069698334, 2)
(342.24458479881287, 2)
(342.7535858154297, 1)
(343.27266097068787, 0)
(343.79158186912537, 1)
(344.3139498233795, 3)
(344.82970786094666, 3)
(345.34868478775024, 1)
(345.8727629184723, 4)
(346.3885178565979, 3)
(346.91581988334656, 2)
(347.4466619491577, 0)
(347.975665807724, 0)
(348.4930348396301, 1)
(349.00874185562134, 0)
(349.5260589122772, 1)
(350.055104970932, 0)
(350.59421277046204, 1)
(351.12151288986206, 2)
(351.63064789772034, 2)
(352.1579089164734, 1)
(352.6772758960724, 2)
(353.1852638721466, 2)
(353.69643998146057, 2)
(354.2296898365021, 3)
(354.74902391433716, 2)
(355.2748589515686, 3)
(355.7875998020172, 3)
(356.3135998249054, 0)
(356.8213038444519, 1)
(357.3441958427429, 1)
(357.85378980636597, 2)
(358.37639689445496, 3)
(358.88595485687256, 1)
(359.4151020050049, 1)
(359.9360828399658, 0)
(360.45315885543823, 0)
(360.9790229797363, 1)
(361.50174283981323, 0)
(362.03446197509766, 1)
(362.5604729652405, 1)
(363.08510279655457, 1)
(363.59352588653564, 1)
(364.13008880615234, 3)
(364.65005683898926, 6)
(365.1629629135132, 1)
(365.6773397922516, 3)
(366.2004919052124, 4)
(366.7352647781372, 1)
(367.24468994140625, 1)
(367.7526409626007, 1)
(368.2710978984833, 2)
(368.7804298400879, 1)
(369.28807187080383, 2)
(369.80913186073303, 4)
(370.324866771698, 2)
(370.85519194602966, 5)
(371.3749029636383, 3)
(371.89215993881226, 3)
(372.4172167778015, 4)
(372.9448399543762, 5)
(373.46715092658997, 2)
(373.9842178821564, 1)
(374.50129795074463, 5)
(375.0196897983551, 2)
(375.53533577919006, 3)
(376.04839396476746, 3)
(376.56010580062866, 3)
(377.0807309150696, 3)
(377.6181228160858, 0)
(378.1313087940216, 0)
(378.6464698314667, 0)
(379.16274785995483, 0)
(379.6933069229126, 1)
(380.209912776947, 0)
(380.7334849834442, 1)
(381.2650008201599, 2)
(381.79954290390015, 0)
(382.32784390449524, 1)
(382.84378695487976, 1)
(383.35830187797546, 1)
(383.87549090385437, 1)
(384.3917238712311, 2)
(384.9073438644409, 2)
(385.4351899623871, 1)
(385.96721291542053, 3)
(386.4835407733917, 3)
(386.996554851532, 0)
(387.512934923172, 2)
(388.03437995910645, 3)
(388.5556619167328, 5)
(389.08544993400574, 6)
(389.60177397727966, 4)
(390.1226348876953, 3)
(390.6379609107971, 7)
(391.15937399864197, 8)
(391.68389892578125, 4)
(392.22673177719116, 3)
(392.7513837814331, 1)
(393.261305809021, 0)
(393.78093695640564, 1)
(394.2947769165039, 0)
(394.8336229324341, 2)
(395.3500258922577, 1)
(395.87312388420105, 1)
(396.39113879203796, 1)
(396.91741490364075, 2)
(397.4454379081726, 0)
(397.96772480010986, 0)
(398.47686100006104, 0)
(398.9867649078369, 0)
(399.4982659816742, 0)
(400.01208782196045, 0)
(400.5259368419647, 1)
(401.03625988960266, 0)
(401.5453929901123, 0)
(402.05927085876465, 0)
(402.573038816452, 0)
(403.0984969139099, 0)
(403.6152927875519, 0)
(404.1387209892273, 0)
(404.6584107875824, 1)
(405.17227482795715, 0)
(405.6908369064331, 0)
(406.2123589515686, 0)
(406.7276020050049, 1)
(407.24139380455017, 1)
(407.75517082214355, 0)
(408.26438879966736, 0)
(408.7781808376312, 3)
(409.30823588371277, 0)
(409.8312659263611, 4)
(410.3438677787781, 5)
(410.88761281967163, 3)
(411.40899300575256, 2)
(411.94532084465027, 2)
(412.48298382759094, 0)
(413.0119438171387, 0)
(413.53800678253174, 0)
(414.0644679069519, 0)
(414.5922408103943, 1)
(415.11849784851074, 0)
(415.63613986968994, 2)
(416.1474609375, 1)
(416.6753478050232, 2)
(417.1974627971649, 1)
(417.7196488380432, 0)
(418.2692768573761, 2)
(418.7939717769623, 1)
(419.3175518512726, 2)
(419.86406683921814, 2)
(420.39672780036926, 2)
(420.9155468940735, 1)
(421.4412748813629, 1)
(421.97631788253784, 1)
(422.48768186569214, 0)
(423.0082199573517, 1)
(423.5253539085388, 0)
(424.06127977371216, 0)
(424.59245896339417, 0)
(425.1211998462677, 1)
(425.65901494026184, 1)
(426.1934139728546, 0)
(426.7139468193054, 0)
(427.231076002121, 1)
(427.7464408874512, 1)
(428.2705509662628, 4)
(428.7846999168396, 4)
(429.3224618434906, 5)
(429.8582739830017, 4)
(430.38334584236145, 2)
(430.90361285209656, 1)
(431.42127990722656, 0)
(431.9293429851532, 0)
(432.4436049461365, 1)
(432.96288681030273, 0)
(433.47589898109436, 1)
(433.999675989151, 2)
(434.5254189968109, 0)
(435.0571448802948, 4)
(435.5763759613037, 1)
(436.090735912323, 1)
(436.6115279197693, 1)
(437.137158870697, 3)
(437.64506483078003, 0)
(438.1679859161377, 1)
(438.6979157924652, 1)
(439.2126109600067, 0)
(439.7314748764038, 1)
(440.244411945343, 1)
(440.76345777511597, 2)
(441.2834270000458, 1)
(441.8114709854126, 0)
(442.3288218975067, 2)
(442.8617148399353, 1)
(443.3778328895569, 0)
(443.8990468978882, 0)
(444.4155378341675, 0)
(444.9414339065552, 0)
(445.46026587486267, 1)
(445.9839057922363, 0)
(446.5006618499756, 1)
(447.02119493484497, 0)
(447.5402948856354, 1)
(448.05434584617615, 1)
(448.5758259296417, 0)
(449.12064480781555, 0)
(449.6393599510193, 0)
(450.1566548347473, 0)
(450.67394280433655, 0)
(451.1933219432831, 0)
(451.7082908153534, 0)
(452.2299358844757, 1)
(452.75145196914673, 1)
(453.2708568572998, 2)
(453.7946238517761, 3)
(454.32713985443115, 3)
(454.8389849662781, 3)
(455.37066197395325, 3)
(455.9099349975586, 2)
(456.42969489097595, 0)
(456.9464249610901, 3)
(457.46761989593506, 2)
(457.9923539161682, 5)
(458.5204207897186, 5)
(459.03178191185, 3)
(459.56730699539185, 3)
(460.0920989513397, 2)
(460.61148285865784, 2)
(461.1333408355713, 2)
(461.6672477722168, 2)
(462.1759498119354, 3)
(462.7069499492645, 2)
(463.2231488227844, 2)
(463.7518038749695, 2)
(464.27341198921204, 1)
(464.7982428073883, 1)
(465.31734800338745, 0)
(465.85617089271545, 0)
(466.3852779865265, 0)
(466.91022396087646, 0)
(467.4381468296051, 0)
(467.9528889656067, 0)
(468.4734618663788, 0)
(469.00997400283813, 0)
(469.53683590888977, 1)
(470.05639481544495, 0)
(470.5794129371643, 0)
(471.10383677482605, 3)
(471.6226887702942, 2)
(472.151095867157, 2)
(472.68259477615356, 3)
(473.22357988357544, 4)
(473.7545328140259, 3)
(474.31300497055054, 2)
(474.84430289268494, 2)
(475.3715717792511, 2)
(475.9002239704132, 1)
(476.43708395957947, 1)
(476.9519147872925, 1)
(477.476411819458, 2)
(477.99614691734314, 2)
(478.51724791526794, 1)
(479.049929857254, 1)
(479.56892800331116, 2)
(480.08512687683105, 1)
(480.60688495635986, 2)
(481.1217198371887, 0)
(481.6296818256378, 1)
(482.1439208984375, 0)
(482.6647298336029, 0)
(483.18198585510254, 1)
(483.69204688072205, 1)
(484.2361660003662, 3)
(484.7485718727112, 1)
(485.266459941864, 2)
(485.7874619960785, 1)
(486.30357098579407, 2)
(486.8224849700928, 1)
(487.3473289012909, 0)
(487.87706995010376, 1)
(488.39715600013733, 2)
(488.92145586013794, 0)
(489.46146178245544, 1)
(489.9691469669342, 2)
(490.4897289276123, 0)
(491.00803089141846, 1)
(491.5259289741516, 3)
(492.04878783226013, 4)
(492.5665428638458, 3)
(493.08436393737793, 4)
(493.60386896133423, 3)
(494.12334394454956, 0)
(494.66921877861023, 1)
(495.1956479549408, 0)
(495.7162928581238, 1)
(496.23418498039246, 1)
(496.76504397392273, 0)
(497.28604078292847, 1)
(497.7958118915558, 2)
(498.3144519329071, 3)
(498.8464629650116, 5)
(499.3713309764862, 4)
(499.8882579803467, 8)
(500.40959882736206, 6)
(500.9325568675995, 4)
(501.4492268562317, 1)
(501.9653458595276, 1)
(502.4972357749939, 1)
(503.0206789970398, 1)
(503.5428628921509, 3)
(504.0809497833252, 4)
(504.61168479919434, 2)
(505.1325058937073, 2)
(505.6574378013611, 1)
(506.17398595809937, 1)
(506.7060708999634, 2)
(507.2311599254608, 0)
(507.74851083755493, 1)
(508.28739190101624, 1)
(508.8119649887085, 0)
(509.33542585372925, 0)
(509.86147379875183, 1)
(510.3749489784241, 2)
(510.89170598983765, 1)
(511.4146749973297, 1)
(511.9646039009094, 1)
(512.481194972992, 1)
(513.00017786026, 4)
(513.5287098884583, 1)
(514.062695980072, 1)
(514.5773890018463, 2)
(515.1038088798523, 4)
(515.6314499378204, 2)
(516.1689538955688, 3)
(516.6853039264679, 4)
(517.19748878479, 3)
(517.7096087932587, 2)
(518.2250089645386, 3)
(518.7435138225555, 3)
(519.2635908126831, 1)
(519.8134438991547, 2)
(520.3268349170685, 3)
(520.8431689739227, 1)
(521.3806538581848, 1)
(521.9052178859711, 0)
(522.4174928665161, 0)
(522.9309418201447, 0)
(523.4428730010986, 4)
(523.9730129241943, 0)
(524.4934649467468, 2)
(525.0241429805756, 3)
(525.5332407951355, 4)
(526.0439629554749, 2)
(526.5577788352966, 1)
(527.0774989128113, 2)
(527.5971829891205, 1)
(528.1240878105164, 0)
(528.63498878479, 0)
(529.169341802597, 2)
(529.6860699653625, 0)
(530.1955018043518, 0)
(530.7136778831482, 1)
(531.2275068759918, 1)
(531.744304895401, 1)
(532.268444776535, 3)
(532.8204438686371, 3)
(533.3454689979553, 4)
(533.875501871109, 5)
(534.3881349563599, 3)
(534.8958899974823, 4)
(535.4062049388885, 3)
(535.9157898426056, 3)
(536.4402279853821, 0)
(536.9564998149872, 2)
(537.4755008220673, 0)
(537.9931538105011, 0)
(538.5123779773712, 0)
(539.0369029045105, 0)
(539.5557408332825, 1)
(540.0774438381195, 1)
(540.6031138896942, 1)
(541.1208388805389, 3)
(541.6424469947815, 3)
(542.1775929927826, 3)
(542.6879098415375, 2)
(543.2088558673859, 3)
(543.7454018592834, 3)
(544.2670269012451, 3)
(544.7807238101959, 1)
(545.3047668933868, 3)
(545.8209648132324, 3)
(546.3447959423065, 2)
(546.8640308380127, 4)
(547.3908669948578, 2)
(547.9067988395691, 2)
(548.4320299625397, 1)
(548.956022977829, 3)
(549.4891488552094, 3)
(550.008645772934, 1)
(550.51873087883, 0)
(551.0250959396362, 1)
(551.5369219779968, 0)
(552.0683898925781, 1)
(552.5933418273926, 0)
(553.1236288547516, 2)
(553.6404349803925, 0)
(554.163172006607, 1)
(554.6717119216919, 1)
(555.1855499744415, 2)
(555.7077808380127, 0)
(556.2162218093872, 0)
(556.7331318855286, 1)
(557.2660758495331, 1)
(557.795667886734, 1)
(558.3127038478851, 3)
(558.8450288772583, 2)
(559.3835248947144, 2)
(559.9052858352661, 4)
(560.4286379814148, 4)
(560.964457988739, 1)
(561.5189828872681, 2)
(562.0360169410706, 1)
(562.5609748363495, 0)
(563.0982058048248, 2)
(563.6188228130341, 0)
(564.1445338726044, 1)
(564.6725749969482, 0)
(565.2178559303284, 0)
(565.7450478076935, 0)
(566.2655439376831, 0)
(566.7815299034119, 0)
(567.3109369277954, 1)
(567.8311867713928, 3)
(568.3482778072357, 0)
(568.8741137981415, 3)
(569.401202917099, 8)
(569.9126398563385, 2)
(570.420206785202, 5)
(570.9278349876404, 8)
(571.4469289779663, 6)
(571.9636838436127, 4)
(572.5195980072021, 3)
(573.0355868339539, 3)
(573.5546538829803, 0)
(574.0721919536591, 2)
(574.5897359848022, 0)
(575.1100459098816, 1)
(575.6263868808746, 1)
(576.1408538818359, 1)
(576.6552588939667, 2)
(577.1743957996368, 2)
(577.6918687820435, 2)
(578.2186098098755, 4)
(578.7377028465271, 4)
(579.2475738525391, 1)
(579.7558698654175, 3)
(580.295129776001, 2)
(580.816948890686, 4)
(581.3403367996216, 2)
(581.8531739711761, 1)
(582.3610718250275, 1)
(582.8729028701782, 2)
(583.3917028903961, 0)
(583.9203457832336, 0)
(584.439041852951, 0)
(584.9620859622955, 2)
(585.4738128185272, 1)
(585.991201877594, 2)
(586.500168800354, 1)
(587.0092298984528, 3)
(587.5169069766998, 1)
(588.0412878990173, 1)
(588.5487577915192, 0)
(589.0718348026276, 0)
(589.5915307998657, 0)
(590.1132719516754, 0)
(590.6319777965546, 0)
(591.1452407836914, 1)
(591.6598057746887, 0)
(592.1716117858887, 0)
(592.6862218379974, 0)
(593.2069540023804, 0)
(593.7274677753448, 0)
(594.2715399265289, 2)
(594.8106467723846, 0)
(595.3393778800964, 0)
(595.8553228378296, 0)
(596.3850319385529, 1)
(596.90087890625, 2)
(597.4284648895264, 0)
(597.9522249698639, 1)
(598.4663407802582, 1)
(598.994815826416, 0)
(599.5172338485718, 0)
(600.0350289344788, 1)
(600.5433819293976, 0)
(601.0535669326782, 0)
(601.5625529289246, 0)
(602.0708229541779, 1)
(602.5809009075165, 0)
(603.1076469421387, 1)
(603.6284749507904, 0)
(604.1391677856445, 0)
(604.6466019153595, 0)
(605.1607429981232, 0)
(605.6731679439545, 2)
(606.1805508136749, 0)
(606.6896419525146, 1)
(607.2137439250946, 1)
(607.7330589294434, 2)
(608.2669649124146, 1)
(608.787722826004, 1)
(609.3030729293823, 1)
(609.8227119445801, 0)
(610.3334259986877, 0)
(610.8510940074921, 1)
(611.3698918819427, 1)
(611.8857159614563, 1)
(612.4081788063049, 1)
(612.9306747913361, 1)
(613.4564638137817, 1)
(613.975742816925, 2)
(614.4952039718628, 0)
(615.016144990921, 2)
(615.5356478691101, 2)
(616.0690779685974, 3)
(616.5924489498138, 3)
(617.1123759746552, 2)
(617.6392018795013, 2)
(618.1545407772064, 1)
(618.6700708866119, 0)
(619.1855809688568, 1)
(619.7096219062805, 0)
(620.2225527763367, 0)
(620.7360179424286, 0)
(621.2558238506317, 0)
(621.7756159305573, 0)
(622.304584980011, 1)
(622.8173899650574, 1)
(623.3498468399048, 0)
(623.87806391716, 1)
(624.3979828357697, 2)
(624.9155797958374, 3)
