(0.5017910003662109, 0)
(1.0228989124298096, 0)
(1.540693998336792, 0)
(2.0603549480438232, 0)
(2.574018955230713, 0)
(3.0876870155334473, 0)
(3.6115570068359375, 0)
(4.132159948348999, 0)
(4.657878875732422, 0)
(5.165562868118286, 0)
(5.681259870529175, 0)
(6.192414999008179, 0)
(6.707281827926636, 0)
(7.215881824493408, 0)
(7.756358861923218, 0)
(8.267809867858887, 0)
(8.784741878509521, 0)
(9.292762994766235, 0)
(9.817539930343628, 0)
(10.346256017684937, 0)
(10.863236904144287, 0)
(11.373490810394287, 0)
(11.88361382484436, 0)
(12.401431798934937, 0)
(12.910130977630615, 0)
(13.417344808578491, 0)
(13.927793979644775, 0)
(14.443890810012817, 0)
(14.97298288345337, 0)
(15.49738597869873, 0)
(16.018073797225952, 0)
(16.54473900794983, 0)
(17.060065031051636, 0)
(17.576992988586426, 0)
(18.10524892807007, 0)
(18.644733905792236, 0)
(19.171936988830566, 0)
(19.679658889770508, 0)
(20.186996936798096, 0)
(20.70437502861023, 0)
(21.226256847381592, 0)
(21.735745906829834, 0)
(22.253674030303955, 0)
(22.77728581428528, 0)
(23.296588897705078, 0)
(23.813145875930786, 0)
(24.323978900909424, 0)
(24.832087993621826, 0)
(25.34435200691223, 0)
(25.855264902114868, 0)
(26.36758589744568, 0)
(26.877100944519043, 0)
(27.39216899871826, 0)
(27.90029501914978, 0)
(28.407066822052002, 0)
(28.91484785079956, 0)
(29.42367196083069, 0)
(29.93675994873047, 0)
(30.444588899612427, 0)
(30.964864015579224, 0)
(31.4893798828125, 0)
(32.01521587371826, 0)
(32.534300804138184, 0)
(33.053165912628174, 0)
(33.56408095359802, 0)
(34.07509684562683, 0)
(34.59330201148987, 0)
(35.10175085067749, 0)
(35.609012842178345, 0)
(36.11750102043152, 0)
(36.624788999557495, 0)
(37.136934995651245, 0)
(37.647828817367554, 0)
(38.157516956329346, 0)
(38.66599202156067, 0)
(39.17569589614868, 0)
(39.69278383255005, 0)
(40.21206498146057, 0)
(40.75934290885925, 0)
(41.27580380439758, 0)
(41.79163098335266, 0)
(42.31111192703247, 0)
(42.829386949539185, 0)
(43.346863985061646, 0)
(43.8640079498291, 0)
(44.37966799736023, 0)
(44.89884090423584, 0)
(45.420257806777954, 0)
(45.934839963912964, 0)
(46.44945788383484, 0)
(46.968607902526855, 0)
(47.48325991630554, 0)
(48.02276086807251, 0)
(48.5398108959198, 0)
(49.056532859802246, 0)
(49.57563591003418, 0)
(50.09483981132507, 0)
(50.61175084114075, 0)
(51.12920880317688, 0)
(51.650681018829346, 0)
(52.1663179397583, 0)
(52.68812584877014, 0)
(53.203364849090576, 0)
(53.719074010849, 0)
(54.23755502700806, 0)
(54.75342893600464, 0)
(55.27158784866333, 0)
(55.78607392311096, 0)
(56.30430793762207, 0)
(56.82383489608765, 0)
(57.33964490890503, 0)
(57.85693693161011, 0)
(58.37700581550598, 0)
(58.890146017074585, 0)
(59.41050696372986, 0)
(59.92786192893982, 0)
(60.44622588157654, 0)
(60.96340489387512, 0)
(61.483054876327515, 0)
(61.99107384681702, 0)
(62.51129698753357, 0)
(63.03155493736267, 0)
(63.54914402961731, 0)
(64.06745290756226, 0)
(64.58841681480408, 0)
(65.10864782333374, 0)
(65.63573884963989, 0)
(66.1575608253479, 0)
(66.67769289016724, 0)
(67.19522190093994, 0)
(67.71413493156433, 0)
(68.2298858165741, 0)
(68.76020503044128, 0)
(69.27915596961975, 0)
(69.79253888130188, 0)
(70.30870199203491, 0)
(70.82348990440369, 0)
(71.33871388435364, 0)
(71.85726594924927, 0)
(72.37731885910034, 0)
(72.89481997489929, 0)
(73.4098129272461, 0)
(73.92558479309082, 0)
(74.44120979309082, 0)
(74.95908880233765, 0)
(75.48246598243713, 0)
(76.00120687484741, 0)
(76.51525592803955, 0)
(77.03232502937317, 0)
(77.55120086669922, 0)
(78.06810188293457, 0)
(78.58599495887756, 0)
(79.10149884223938, 0)
(79.62041401863098, 0)
(80.13703680038452, 0)
(80.65620493888855, 0)
(81.17830896377563, 0)
(81.6969518661499, 0)
(82.21343994140625, 0)
(82.72718501091003, 0)
(83.23994779586792, 0)
(83.75878596305847, 0)
(84.27802896499634, 0)
(84.79792881011963, 0)
(85.30554389953613, 0)
(85.82064390182495, 0)
(86.34328985214233, 0)
(86.8634660243988, 0)
(87.38286280632019, 0)
(87.9010579586029, 0)
(88.42113900184631, 0)
(88.93855881690979, 0)
(89.46345782279968, 0)
(89.98592281341553, 0)
(90.5119788646698, 0)
(91.03218197822571, 0)
(91.55462598800659, 0)
(92.0747230052948, 0)
(92.59025883674622, 0)
(93.1105089187622, 0)
(93.63294100761414, 0)
(94.16008186340332, 0)
(94.68021702766418, 0)
(95.20507383346558, 0)
(95.72521996498108, 0)
(96.24075984954834, 0)
(96.7679078578949, 0)
(97.28574085235596, 0)
(97.80827188491821, 0)
(98.32490682601929, 0)
(98.84510588645935, 0)
(99.36060285568237, 0)
(99.87961196899414, 0)
(100.39593482017517, 0)
(100.91590690612793, 0)
(101.43179392814636, 0)
(101.9493978023529, 0)
(102.46637082099915, 0)
(102.98594093322754, 0)
(103.50967383384705, 0)
(104.0270688533783, 0)
(104.5447289943695, 0)
(105.05979990959167, 0)
(105.576180934906, 0)
(106.09861183166504, 0)
(106.62400102615356, 0)
(107.13976693153381, 0)
(107.65542101860046, 0)
(108.17400479316711, 0)
(108.70024299621582, 0)
(109.2170569896698, 0)
(109.73050880432129, 0)
(110.26582098007202, 0)
(110.78128600120544, 0)
(111.29376983642578, 0)
(111.81589484214783, 0)
(112.32714581489563, 0)
(112.84819388389587, 0)
(113.36136388778687, 0)
(113.87722396850586, 0)
(114.38898491859436, 0)
(114.90565991401672, 0)
(115.44627380371094, 0)
(115.95921993255615, 0)
(116.47105097770691, 0)
(116.98663687705994, 0)
(117.50363183021545, 0)
(118.01243591308594, 0)
(118.53629493713379, 0)
(119.05849885940552, 0)
(119.57371187210083, 0)
(120.11359286308289, 0)
(120.64194083213806, 0)
(121.16702699661255, 0)
(121.68092179298401, 0)
(122.19493985176086, 0)
(122.71474289894104, 0)
(123.23215579986572, 0)
(123.75295281410217, 0)
(124.27677583694458, 0)
(124.79747581481934, 0)
(125.31704783439636, 0)
(125.838711977005, 0)
(126.37227702140808, 0)
(126.88253402709961, 0)
(127.39765691757202, 0)
(127.91290092468262, 0)
(128.43673586845398, 0)
(128.9649748802185, 0)
(129.48263597488403, 0)
(130.00983786582947, 0)
(130.54279398918152, 0)
(131.08080196380615, 0)
(131.5887370109558, 0)
(132.09519481658936, 0)
(132.61245894432068, 0)
(133.13417983055115, 0)
(133.66300082206726, 0)
(134.18234181404114, 0)
(134.7039098739624, 0)
(135.22410583496094, 0)
(135.738618850708, 0)
(136.25492691993713, 0)
(136.76690292358398, 0)
(137.29160380363464, 0)
(137.8116958141327, 0)
(138.32466292381287, 0)
(138.83351802825928, 0)
(139.34215784072876, 0)
(139.85068798065186, 0)
(140.386953830719, 0)
(140.89556288719177, 0)
(141.41235399246216, 0)
(141.93913388252258, 0)
(142.45584988594055, 0)
(142.96380186080933, 0)
(143.4768249988556, 0)
(144.02354383468628, 0)
(144.537987947464, 0)
(145.06586384773254, 0)
(145.60060095787048, 0)
(146.1246738433838, 0)
(146.6498589515686, 0)
(147.16901087760925, 0)
(147.67650389671326, 0)
(148.184818983078, 0)
(148.70040798187256, 0)
(149.20893692970276, 0)
(149.717435836792, 0)
(150.2267189025879, 0)
(150.73439192771912, 0)
(151.24329900741577, 0)
(151.75235986709595, 0)
(152.26096487045288, 0)
(152.77044987678528, 0)
(153.27953481674194, 0)
(153.8090169429779, 0)
(154.31634902954102, 0)
(154.8240339756012, 0)
(155.34265184402466, 0)
(155.87104988098145, 0)
(156.38693690299988, 0)
(156.9013478755951, 0)
(157.4250349998474, 0)
(157.9333999156952, 0)
(158.44941687583923, 0)
(158.96842098236084, 0)
(159.4752118587494, 0)
(159.98756790161133, 0)
(160.51180982589722, 0)
(161.02688002586365, 0)
(161.53592991828918, 0)
(162.0559949874878, 0)
(162.57631993293762, 0)
(163.09280490875244, 0)
(163.6108958721161, 0)
(164.13684391975403, 0)
(164.66793298721313, 0)
(165.18713879585266, 0)
(165.71169090270996, 0)
(166.2265908718109, 0)
(166.74312782287598, 0)
(167.2633879184723, 0)
(167.78008699417114, 0)
(168.29542684555054, 0)
(168.8172698020935, 0)
(169.33647680282593, 0)
(169.84905886650085, 0)
(170.3642818927765, 0)
(170.88342881202698, 0)
(171.4066460132599, 0)
(171.93248987197876, 0)
(172.45033979415894, 0)
(172.96552896499634, 0)
(173.48828101158142, 0)
(174.0270938873291, 0)
(174.53962182998657, 0)
(175.06753492355347, 0)
(175.5841429233551, 0)
(176.10492086410522, 0)
(176.63415098190308, 0)
(177.15218782424927, 0)
(177.6709599494934, 0)
(178.18952298164368, 0)
(178.7093789577484, 0)
(179.22367691993713, 0)
(179.7410638332367, 0)
(180.26545095443726, 0)
(180.77576780319214, 0)
(181.28149700164795, 0)
(181.79409289360046, 0)
(182.34910798072815, 0)
(182.8748288154602, 0)
(183.3861699104309, 0)
(183.89415001869202, 0)
(184.40156888961792, 0)
(184.9108169078827, 0)
(185.42012000083923, 0)
(185.92844796180725, 0)
(186.4400098323822, 0)
(186.948175907135, 0)
(187.46240782737732, 0)
(187.9726209640503, 0)
(188.4817249774933, 0)
(189.00756192207336, 0)
(189.52727699279785, 0)
(190.05164885520935, 0)
(190.56474900245667, 0)
(191.07446885108948, 0)
(191.59559082984924, 0)
(192.1152470111847, 0)
(192.63219499588013, 0)
(193.15324783325195, 0)
(193.68306398391724, 0)
(194.21712398529053, 0)
(194.73612999916077, 0)
(195.2572638988495, 0)
(195.77980089187622, 0)
(196.29375886917114, 0)
(196.81243181228638, 0)
(197.32888388633728, 0)
(197.84863185882568, 0)
(198.37259602546692, 0)
(198.91381001472473, 0)
(199.43207693099976, 0)
(199.9532449245453, 0)
(200.47852897644043, 0)
(200.98751497268677, 0)
(201.50131702423096, 0)
(202.01356387138367, 0)
(202.53211784362793, 0)
(203.04810881614685, 0)
(203.5607099533081, 0)
(204.0841178894043, 0)
(204.60549688339233, 0)
(205.13632488250732, 0)
(205.65069198608398, 0)
(206.17713379859924, 0)
(206.70077681541443, 0)
(207.2227818965912, 0)
(207.74640798568726, 0)
(208.27475595474243, 0)
(208.7952139377594, 0)
(209.3113570213318, 0)
(209.84298396110535, 0)
(210.35909295082092, 0)
(210.8720998764038, 0)
(211.39057302474976, 0)
(211.9085178375244, 0)
(212.43035984039307, 0)
(212.9640510082245, 0)
(213.49287796020508, 0)
(214.01676893234253, 0)
(214.54202890396118, 0)
(215.05999183654785, 0)
(215.56817483901978, 0)
(216.07684803009033, 0)
(216.59572792053223, 0)
(217.11732387542725, 0)
(217.63240599632263, 0)
(218.1500678062439, 0)
(218.67172598838806, 0)
(219.18750190734863, 0)
(219.70279002189636, 0)
(220.2168469429016, 0)
(220.73206782341003, 0)
(221.2487850189209, 0)
(221.7755630016327, 0)
(222.2971978187561, 0)
(222.8163139820099, 0)
(223.3392288684845, 0)
(223.85579085350037, 0)
(224.37488293647766, 0)
(224.89524602890015, 0)
(225.42326092720032, 0)
(225.9391438961029, 0)
(226.46744394302368, 0)
(226.984445810318, 0)
(227.5072729587555, 0)
(228.0148208141327, 0)
(228.52495884895325, 0)
(229.03383493423462, 0)
(229.55295181274414, 0)
(230.07495999336243, 0)
(230.58454179763794, 0)
(231.1005609035492, 0)
(231.61629581451416, 0)
(232.1384630203247, 0)
(232.65639400482178, 0)
(233.1891679763794, 0)
(233.7141718864441, 0)
(234.23554301261902, 0)
(234.76517701148987, 0)
(235.2836949825287, 0)
(235.81193900108337, 0)
(236.334734916687, 0)
(236.86150693893433, 0)
(237.37455201148987, 0)
(237.89317083358765, 0)
(238.40062284469604, 0)
(238.91791987419128, 0)
(239.44404888153076, 0)
(239.96754479408264, 0)
(240.49982500076294, 0)
(241.0198359489441, 0)
(241.54392194747925, 0)
(242.066636800766, 0)
(242.57835388183594, 0)
(243.0955069065094, 0)
(243.61274981498718, 0)
(244.12841987609863, 0)
(244.64491987228394, 0)
(245.16138887405396, 0)
(245.67784881591797, 0)
(246.19872784614563, 0)
(246.72052693367004, 0)
(247.24267292022705, 0)
(247.76181292533875, 0)
(248.27920794487, 0)
(248.79903101921082, 0)
(249.32344484329224, 0)
(249.8442578315735, 0)
(250.35783100128174, 0)
(250.87489891052246, 0)
(251.3819990158081, 0)
(251.9043848514557, 0)
(252.41623091697693, 0)
(252.9354009628296, 0)
(253.46414399147034, 0)
(253.98989486694336, 0)
(254.51499390602112, 0)
(255.03199696540833, 0)
(255.5568709373474, 0)
(256.0755310058594, 0)
(256.59570598602295, 0)
(257.11278080940247, 0)
(257.63313579559326, 0)
(258.1485278606415, 0)
(258.6683588027954, 0)
(259.192067861557, 0)
(259.70758295059204, 0)
(260.2240710258484, 0)
(260.74513483047485, 0)
(261.2726500034332, 0)
(261.8090329170227, 0)
(262.346626996994, 0)
(262.8815698623657, 0)
(263.4131100177765, 0)
(263.9490599632263, 0)
(264.46793580055237, 0)
(264.9888029098511, 0)
(265.4981999397278, 0)
(266.01727080345154, 0)
(266.5321810245514, 0)
(267.0510787963867, 0)
(267.5586287975311, 0)
(268.0794060230255, 0)
(268.6021068096161, 0)
(269.12553191185, 0)
(269.64244294166565, 0)
(270.17169284820557, 0)
(270.68802785873413, 0)
(271.2043797969818, 0)
(271.72245693206787, 0)
(272.2409598827362, 0)
(272.75697088241577, 0)
(273.27601194381714, 0)
(273.79945397377014, 0)
(274.32084488868713, 0)
(274.8397660255432, 0)
(275.3563759326935, 0)
(275.8732738494873, 0)
(276.39239287376404, 0)
(276.91032695770264, 0)
(277.4223439693451, 0)
(277.94082593917847, 0)
(278.4561970233917, 0)
(278.9801678657532, 0)
(279.50747990608215, 0)
(280.0349349975586, 0)
(280.5509548187256, 0)
(281.07339096069336, 0)
(281.58784794807434, 0)
(282.1152379512787, 0)
(282.62970900535583, 0)
(283.15221881866455, 0)
(283.6650319099426, 0)
(284.17301988601685, 0)
(284.68913197517395, 0)
(285.2067368030548, 0)
(285.729309797287, 0)
(286.24693393707275, 0)
(286.77917194366455, 0)
(287.2952399253845, 0)
(287.8129119873047, 0)
(288.332072019577, 0)
(288.8546688556671, 0)
(289.3793909549713, 0)
(289.91319489479065, 0)
(290.42589592933655, 0)
(290.9482088088989, 0)
(291.4766638278961, 1)
(291.9961678981781, 0)
(292.50750279426575, 0)
(293.04051184654236, 0)
(293.55500292778015, 0)
(294.1066949367523, 0)
(294.6150608062744, 0)
(295.13583183288574, 0)
(295.66390895843506, 0)
(296.18823289871216, 0)
(296.71353697776794, 0)
(297.2338168621063, 0)
(297.75657296180725, 0)
(298.27700781822205, 0)
(298.8032488822937, 0)
(299.33504581451416, 0)
(299.87104082107544, 0)
(300.3824667930603, 1)
(300.9080059528351, 1)
(301.4251389503479, 1)
(301.9414927959442, 0)
(302.45692586898804, 0)
(302.9700310230255, 0)
(303.49120593070984, 0)
(304.0151000022888, 0)
(304.5489640235901, 0)
(305.0824990272522, 0)
(305.61371898651123, 0)
(306.1320729255676, 0)
(306.64808797836304, 0)
(307.168771982193, 0)
(307.68709897994995, 0)
(308.20774602890015, 0)
(308.72728085517883, 0)
(309.25030183792114, 0)
(309.76746892929077, 0)
(310.28816390037537, 0)
(310.8100278377533, 0)
(311.3259959220886, 0)
(311.84798789024353, 0)
(312.3722038269043, 0)
(312.89858293533325, 0)
(313.4426679611206, 0)
(313.9738938808441, 0)
(314.49670791625977, 0)
(315.016982793808, 0)
(315.54522800445557, 0)
(316.066339969635, 0)
(316.580659866333, 0)
(317.0987858772278, 0)
(317.6247799396515, 0)
(318.1444818973541, 0)
(318.6675498485565, 0)
(319.1886558532715, 0)
(319.7059178352356, 0)
(320.2270288467407, 0)
(320.7501358985901, 0)
(321.27525997161865, 0)
(321.8060429096222, 0)
(322.31735396385193, 0)
(322.82880091667175, 0)
(323.34024691581726, 0)
(323.8536148071289, 0)
(324.36504793167114, 0)
(324.876513004303, 0)
(325.38427686691284, 0)
(325.90910601615906, 0)
(326.4392178058624, 0)
(326.9630169868469, 0)
(327.4864819049835, 0)
(328.0086808204651, 0)
(328.53185987472534, 0)
(329.0535988807678, 0)
(329.57409501075745, 0)
(330.0979268550873, 0)
(330.61519598960876, 0)
(331.1291139125824, 0)
(331.6496539115906, 0)
(332.1767690181732, 0)
(332.70052695274353, 0)
(333.2161889076233, 0)
(333.73011302948, 0)
(334.24729895591736, 0)
(334.7697458267212, 0)
(335.299076795578, 0)
(335.8237819671631, 0)
(336.34097695350647, 0)
(336.8659658432007, 0)
(337.38212490081787, 0)
(337.9025139808655, 0)
(338.41573882102966, 0)
(338.9302909374237, 0)
(339.44983196258545, 0)
(339.9937298297882, 0)
(340.5148458480835, 0)
(341.03181982040405, 0)
(341.55876183509827, 0)
(342.08000087738037, 0)
(342.60125184059143, 0)
(343.12249088287354, 0)
(343.63657999038696, 0)
(344.15643095970154, 0)
(344.68211579322815, 0)
(345.1983609199524, 0)
(345.72292494773865, 0)
(346.2376480102539, 0)
(346.7706699371338, 0)
(347.29508900642395, 0)
(347.8191668987274, 0)
(348.32728481292725, 1)
(348.8335049152374, 0)
(349.3526589870453, 0)
(349.8738548755646, 0)
(350.3943409919739, 0)
(350.9113838672638, 0)
(351.4239900112152, 0)
(351.9394898414612, 0)
(352.45116686820984, 1)
(352.9681468009949, 0)
(353.4828209877014, 0)
(353.99115681648254, 0)
(354.5165288448334, 0)
(355.0456848144531, 0)
(355.57104086875916, 0)
(356.0963878631592, 0)
(356.6086959838867, 0)
(357.12738490104675, 0)
(357.6449189186096, 0)
(358.1674280166626, 0)
(358.6823778152466, 0)
(359.2095890045166, 0)
(359.73302388191223, 0)
(360.2530138492584, 0)
(360.7619078159332, 0)
(361.28141379356384, 0)
(361.8065068721771, 0)
(362.3278319835663, 1)
(362.8459630012512, 0)
(363.3700888156891, 0)
(363.8996980190277, 0)
(364.4183008670807, 0)
(364.9362618923187, 0)
(365.4711558818817, 0)
(365.9769718647003, 0)
(366.5028269290924, 0)
(367.0225119590759, 0)
(367.5622639656067, 0)
(368.07567381858826, 0)
(368.58908891677856, 2)
(369.1085319519043, 0)
(369.6327929496765, 0)
(370.1627719402313, 0)
(370.68102192878723, 0)
(371.2122769355774, 0)
(371.73660588264465, 0)
(372.2524678707123, 0)
(372.7599768638611, 0)
(373.2684609889984, 0)
(373.77709794044495, 0)
(374.289333820343, 0)
(374.80395579338074, 0)
(375.3118989467621, 0)
(375.82014298439026, 0)
(376.3280107975006, 0)
(376.840402841568, 0)
(377.3509569168091, 0)
(377.86676383018494, 0)
(378.3773419857025, 0)
(378.8878848552704, 0)
(379.4002408981323, 0)
(379.9107768535614, 0)
(380.4195718765259, 0)
(380.92841386795044, 0)
(381.4666268825531, 0)
(381.9850289821625, 0)
(382.5080289840698, 0)
(383.02117896080017, 0)
(383.54405879974365, 0)
(384.0833477973938, 1)
(384.6028859615326, 0)
(385.12291502952576, 1)
(385.63082480430603, 0)
(386.1489679813385, 0)
(386.6812160015106, 0)
(387.189425945282, 0)
(387.7091579437256, 0)
(388.2283179759979, 0)
(388.752641916275, 0)
(389.2664978504181, 0)
(389.78146982192993, 0)
(390.31118297576904, 0)
(390.82325196266174, 0)
(391.35072779655457, 0)
(391.8748869895935, 0)
(392.40332293510437, 0)
(392.92495584487915, 0)
(393.45523500442505, 0)
(393.9724168777466, 0)
(394.51101183891296, 0)
(395.0363199710846, 0)
(395.555223941803, 0)
(396.0728168487549, 0)
(396.58482098579407, 0)
(397.1051139831543, 0)
(397.6253809928894, 0)
(398.14569187164307, 0)
(398.6659598350525, 0)
(399.1954619884491, 0)
(399.71688294410706, 0)
(400.2426118850708, 0)
(400.7680068016052, 0)
(401.2949478626251, 0)
(401.8110408782959, 0)
(402.3276619911194, 0)
(402.8491129875183, 0)
(403.373379945755, 0)
(403.9158148765564, 0)
(404.4479088783264, 0)
(404.9650948047638, 0)
(405.4847857952118, 0)
(405.9994649887085, 0)
(406.52519702911377, 0)
(407.061203956604, 0)
(407.58580493927, 0)
(408.10902881622314, 0)
(408.62308502197266, 0)
(409.1415870189667, 0)
(409.6611988544464, 0)
(410.206326007843, 0)
(410.7212038040161, 0)
(411.2462649345398, 0)
(411.7568209171295, 0)
(412.2926239967346, 0)
(412.81035900115967, 0)
(413.3392598628998, 0)
(413.8515717983246, 0)
(414.3694999217987, 0)
(414.888160943985, 0)
(415.4011368751526, 0)
(415.91893792152405, 0)
(416.4383988380432, 0)
(416.9598479270935, 0)
(417.48053789138794, 0)
(418.000412940979, 0)
(418.5282208919525, 0)
(419.0429530143738, 0)
(419.5643479824066, 0)
(420.08731389045715, 0)
(420.6004447937012, 0)
(421.11357283592224, 0)
(421.628497838974, 0)
(422.16412591934204, 0)
(422.7205629348755, 0)
(423.25186800956726, 0)
(423.76686692237854, 0)
(424.2813878059387, 0)
(424.80939197540283, 0)
(425.3357129096985, 0)
(425.85707092285156, 0)
(426.3784329891205, 0)
(426.90094685554504, 0)
(427.44256591796875, 0)
(427.96329283714294, 0)
(428.4794089794159, 0)
(429.00061082839966, 0)
(429.51815390586853, 0)
(430.03511691093445, 0)
(430.56121802330017, 0)
(431.09014892578125, 0)
(431.61136293411255, 0)
(432.130334854126, 0)
(432.6457908153534, 1)
(433.17524886131287, 0)
(433.69595193862915, 0)
(434.21500396728516, 0)
(434.7374448776245, 0)
(435.2609689235687, 0)
(435.77986001968384, 0)
(436.3004238605499, 0)
(436.8256778717041, 0)
(437.34607791900635, 0)
(437.8620328903198, 0)
(438.37101793289185, 0)
(438.8855369091034, 0)
(439.4050898551941, 0)
(439.92314195632935, 0)
(440.4427490234375, 0)
(440.9592499732971, 0)
(441.48355889320374, 0)
(441.9971458911896, 0)
(442.52309489250183, 0)
(443.0489959716797, 0)
(443.5717658996582, 0)
(444.1010739803314, 0)
(444.62521481513977, 0)
(445.1574378013611, 0)
(445.6880898475647, 0)
(446.2282609939575, 0)
(446.7478098869324, 0)
(447.26427388191223, 0)
(447.7917549610138, 0)
(448.31924700737, 0)
(448.8404929637909, 0)
(449.3588898181915, 0)
(449.8814148902893, 0)
(450.400349855423, 0)
(450.91826701164246, 0)
(451.43254494667053, 0)
(451.94808983802795, 0)
(452.46502685546875, 0)
(452.9874198436737, 0)
(453.5034558773041, 0)
(454.02831983566284, 0)
(454.5514268875122, 0)
(455.07426285743713, 0)
(455.5945990085602, 0)
(456.1078050136566, 0)
(456.6281809806824, 0)
(457.1611258983612, 0)
(457.6801218986511, 1)
(458.20740389823914, 0)
(458.737673997879, 0)
(459.25787591934204, 0)
(459.7682819366455, 0)
(460.2922749519348, 0)
(460.8111608028412, 0)
(461.32598996162415, 0)
(461.8449378013611, 0)
(462.3733739852905, 0)
(462.8907768726349, 0)
(463.42190885543823, 0)
(463.9502258300781, 0)
(464.47080397605896, 0)
(464.99904680252075, 0)
(465.52107095718384, 0)
(466.0449638366699, 1)
(466.56370091438293, 0)
(467.07173585891724, 0)
(467.579806804657, 0)
(468.0996458530426, 0)
(468.61855387687683, 0)
(469.1330029964447, 0)
(469.6468369960785, 0)
(470.16168785095215, 0)
(470.6979458332062, 0)
(471.22607493400574, 0)
(471.7320339679718, 0)
(472.2506709098816, 0)
(472.7646858692169, 0)
(473.2782700061798, 0)
(473.7953028678894, 0)
(474.31553983688354, 0)
(474.8280928134918, 0)
(475.3485188484192, 0)
(475.86496090888977, 0)
(476.38473892211914, 0)
(476.9163029193878, 0)
(477.4294090270996, 0)
(477.9375059604645, 0)
(478.4455819129944, 0)
(478.9536499977112, 0)
(479.4617648124695, 0)
(479.97222995758057, 0)
(480.4812738895416, 0)
(480.988716840744, 0)
(481.50077199935913, 0)
(482.0256199836731, 0)
(482.54725885391235, 0)
(483.0640468597412, 0)
(483.59362387657166, 0)
(484.10455203056335, 1)
(484.6173779964447, 0)
(485.1405198574066, 0)
(485.6513669490814, 0)
(486.17489194869995, 0)
(486.68869400024414, 0)
(487.2051157951355, 0)
(487.71318888664246, 0)
(488.22831082344055, 0)
(488.7420268058777, 0)
(489.26422786712646, 0)
(489.7808418273926, 0)
(490.3029079437256, 0)
(490.8225328922272, 0)
(491.3572778701782, 0)
(491.88038992881775, 0)
(492.4026048183441, 0)
(492.9303789138794, 1)
(493.44396686553955, 0)
(493.9493019580841, 0)
(494.4730968475342, 0)
(494.99749302864075, 1)
(495.50740694999695, 0)
(496.02796697616577, 0)
(496.55331087112427, 0)
(497.0805218219757, 0)
(497.5999209880829, 0)
(498.12549901008606, 0)
(498.64655685424805, 0)
(499.1750988960266, 0)
(499.6912260055542, 0)
(500.2279419898987, 0)
(500.751681804657, 0)
(501.2801468372345, 0)
(501.80009388923645, 0)
(502.32617688179016, 0)
(502.84299397468567, 0)
(503.36404395103455, 0)
(503.9076089859009, 0)
(504.4275050163269, 0)
(504.9446859359741, 0)
(505.47058391571045, 0)
(505.99893593788147, 1)
(506.5181670188904, 0)
(507.047287940979, 0)
(507.58403992652893, 0)
(508.1283869743347, 0)
(508.6485619544983, 0)
(509.1726529598236, 0)
(509.6935307979584, 0)
(510.2118399143219, 1)
(510.73081493377686, 0)
(511.2548580169678, 0)
(511.7776129245758, 0)
(512.2979838848114, 0)
(512.8294789791107, 0)
(513.3637039661407, 0)
(513.875049829483, 0)
(514.3838520050049, 0)
(514.912969827652, 0)
(515.4205658435822, 0)
(515.9344208240509, 0)
(516.450896024704, 0)
(516.9696519374847, 0)
(517.4926478862762, 0)
(518.0132219791412, 0)
(518.5315399169922, 0)
(519.0616300106049, 0)
(519.5867400169373, 1)
(520.1022658348083, 0)
(520.6207418441772, 0)
(521.1491539478302, 0)
(521.6687059402466, 0)
(522.1871650218964, 0)
(522.7023389339447, 0)
(523.2164218425751, 0)
(523.7337749004364, 0)
(524.2566850185394, 0)
(524.7751069068909, 0)
(525.2935698032379, 0)
(525.8121008872986, 0)
(526.3449280261993, 0)
(526.8633270263672, 0)
(527.3840110301971, 0)
(527.9025030136108, 0)
(528.4209849834442, 0)
(528.9405059814453, 0)
(529.4524328708649, 0)
(529.9741899967194, 0)
(530.4993319511414, 0)
(531.017012834549, 0)
(531.5359389781952, 0)
(532.0560309886932, 0)
(532.5792989730835, 0)
(533.1022639274597, 0)
(533.630940914154, 0)
(534.1551070213318, 0)
(534.6648948192596, 0)
(535.1792588233948, 0)
(535.7139229774475, 0)
(536.2325270175934, 0)
(536.7489759922028, 0)
(537.2748708724976, 0)
(537.7950057983398, 0)
(538.3125648498535, 0)
(538.8393979072571, 1)
(539.3553438186646, 0)
(539.8731858730316, 0)
(540.3928649425507, 0)
(540.9115529060364, 0)
(541.4356799125671, 0)
(541.9547879695892, 0)
(542.4754350185394, 0)
(542.9984760284424, 0)
(543.5201568603516, 0)
(544.0348968505859, 1)
(544.5540728569031, 0)
(545.0688238143921, 0)
(545.5837090015411, 0)
(546.1028418540955, 0)
(546.617614030838, 0)
(547.139643907547, 0)
(547.6522839069366, 0)
(548.1750748157501, 0)
(548.7028830051422, 0)
(549.2277588844299, 0)
(549.7440299987793, 0)
(550.2689108848572, 0)
(550.7779757976532, 0)
(551.287230014801, 0)
(551.7946939468384, 0)
(552.3124430179596, 0)
(552.8271698951721, 1)
(553.3492000102997, 0)
(553.8668730258942, 0)
(554.3907339572906, 0)
(554.9188628196716, 0)
(555.4256680011749, 0)
(555.9334228038788, 0)
(556.4533269405365, 0)
(556.978523015976, 0)
(557.4963729381561, 0)
(558.0129008293152, 0)
(558.5501489639282, 0)
(559.0727028846741, 0)
(559.5938968658447, 0)
(560.1217939853668, 0)
(560.6483488082886, 0)
(561.1812889575958, 0)
(561.730232000351, 0)
(562.2500648498535, 0)
(562.7645828723907, 0)
(563.2884368896484, 0)
(563.812383890152, 0)
(564.3280379772186, 0)
(564.8493309020996, 0)
(565.3562908172607, 0)
(565.8776550292969, 0)
(566.3933889865875, 0)
(566.9028089046478, 0)
(567.4124188423157, 0)
(567.9861907958984, 0)
(568.5194818973541, 0)
(569.0627548694611, 0)
(569.5933129787445, 0)
(570.1041209697723, 0)
(570.617908000946, 0)
(571.1350419521332, 0)
(571.668221950531, 0)
(572.1826720237732, 0)
(572.7123680114746, 0)
(573.2371599674225, 1)
(573.7695879936218, 0)
(574.2828478813171, 0)
(574.7937228679657, 0)
(575.3046219348907, 1)
(575.813129901886, 0)
(576.3306410312653, 0)
(576.8598709106445, 0)
(577.3764278888702, 0)
(577.8920288085938, 0)
(578.4167640209198, 0)
(578.9509840011597, 0)
(579.4791789054871, 0)
(579.9971859455109, 0)
(580.5249638557434, 0)
(581.0415589809418, 1)
(581.5574970245361, 0)
(582.0787558555603, 0)
(582.5952739715576, 0)
(583.1147348880768, 0)
(583.644336938858, 0)
(584.1974928379059, 0)
(584.7155458927155, 1)
(585.2302207946777, 0)
(585.7400119304657, 0)
(586.2603738307953, 0)
(586.7868340015411, 0)
(587.307238817215, 0)
(587.8184947967529, 0)
(588.3361368179321, 0)
(588.8596258163452, 0)
(589.3812630176544, 0)
(589.89231300354, 0)
(590.4066338539124, 1)
(590.9254419803619, 0)
(591.4440720081329, 0)
(591.9527578353882, 0)
(592.4752628803253, 0)
(592.9915688037872, 0)
(593.5172200202942, 0)
(594.0443909168243, 0)
(594.5589339733124, 0)
(595.0745508670807, 0)
(595.5962278842926, 0)
(596.1194219589233, 0)
(596.6425478458405, 0)
(597.1597459316254, 0)
(597.6895089149475, 0)
(598.2065289020538, 0)
(598.7321968078613, 0)
(599.2663488388062, 0)
(599.7898588180542, 0)
(600.3083658218384, 0)
(600.8173348903656, 1)
(601.3367178440094, 0)
(601.8572728633881, 0)
(602.3706758022308, 0)
(602.894788980484, 0)
(603.4206128120422, 0)
(603.9428558349609, 0)
(604.4778668880463, 0)
(604.9964199066162, 0)
(605.5241038799286, 0)
(606.0428409576416, 0)
(606.5633838176727, 0)
(607.0804409980774, 0)
(607.5972278118134, 0)
(608.121307849884, 0)
(608.6439628601074, 0)
(609.1533889770508, 0)
(609.6666729450226, 0)
(610.1746399402618, 0)
(610.6834850311279, 0)
(611.2018139362335, 0)
(611.7169988155365, 0)
(612.2256870269775, 0)
(612.7328958511353, 0)
(613.2417759895325, 0)
(613.7489998340607, 0)
(614.2595489025116, 0)
(614.7717459201813, 0)
(615.2938690185547, 0)
(615.8011000156403, 0)
(616.3166198730469, 0)
(616.8338298797607, 0)
(617.3609278202057, 0)
(617.877956867218, 0)
(618.3917138576508, 0)
(618.9059338569641, 0)
(619.4210638999939, 0)
(619.9449038505554, 0)
(620.4537799358368, 0)
(620.9692878723145, 0)
(621.4767858982086, 0)
(622.0036528110504, 0)
(622.5409519672394, 0)
(623.0608699321747, 0)
