(0, 0)
(0.5017910003662109, 7)
(1.0228989124298096, 43)
(1.540693998336792, 51)
(2.0603549480438232, 8)
(2.574018955230713, 8)
(3.0876870155334473, 6)
(3.6115570068359375, 28)
(4.132159948348999, 2)
(4.657878875732422, 2)
(5.165562868118286, 2)
(5.681259870529175, 2)
(6.192414999008179, 0)
(6.707281827926636, 7)
(7.215881824493408, 17)
(7.756358861923218, 41)
(8.267809867858887, 52)
(8.784741878509521, 50)
(9.292762994766235, 21)
(9.817539930343628, 48)
(10.346256017684937, 62)
(10.863236904144287, 117)
(11.373490810394287, 11)
(11.88361382484436, 9)
(12.401431798934937, 9)
(12.910130977630615, 16)
(13.417344808578491, 4)
(13.927793979644775, 22)
(14.443890810012817, 11)
(14.97298288345337, 11)
(15.49738597869873, 31)
(16.018073797225952, 11)
(16.54473900794983, 8)
(17.060065031051636, 6)
(17.576992988586426, 5)
(18.10524892807007, 6)
(18.644733905792236, 53)
(19.171936988830566, 43)
(19.679658889770508, 63)
(20.186996936798096, 109)
(20.70437502861023, 125)
(21.226256847381592, 75)
(21.735745906829834, 45)
(22.253674030303955, 49)
(22.77728581428528, 57)
(23.296588897705078, 20)
(23.813145875930786, 5)
(24.323978900909424, 4)
(24.832087993621826, 4)
(25.34435200691223, 2)
(25.855264902114868, 10)
(26.36758589744568, 33)
(26.877100944519043, 57)
(27.39216899871826, 52)
(27.90029501914978, 49)
(28.407066822052002, 49)
(28.91484785079956, 44)
(29.42367196083069, 74)
(29.93675994873047, 41)
(30.444588899612427, 39)
(30.964864015579224, 62)
(31.4893798828125, 60)
(32.01521587371826, 45)
(32.534300804138184, 73)
(33.053165912628174, 95)
(33.56408095359802, 91)
(34.07509684562683, 80)
(34.59330201148987, 11)
(35.10175085067749, 8)
(35.609012842178345, 6)
(36.11750102043152, 20)
(36.624788999557495, 5)
(37.136934995651245, 15)
(37.647828817367554, 7)
(38.157516956329346, 6)
(38.66599202156067, 4)
(39.17569589614868, 9)
(39.69278383255005, 2)
(40.21206498146057, 6)
(40.75934290885925, 11)
(41.27580380439758, 4)
(41.79163098335266, 2)
(42.31111192703247, 2)
(42.829386949539185, 14)
(43.346863985061646, 2)
(43.8640079498291, 2)
(44.37966799736023, 2)
(44.89884090423584, 2)
(45.420257806777954, 0)
(45.934839963912964, 0)
(46.44945788383484, 0)
(46.968607902526855, 0)
(47.48325991630554, 0)
(48.02276086807251, 0)
(48.5398108959198, 16)
(49.056532859802246, 10)
(49.57563591003418, 8)
(50.09483981132507, 40)
(50.61175084114075, 18)
(51.12920880317688, 6)
(51.650681018829346, 11)
(52.1663179397583, 41)
(52.68812584877014, 49)
(53.203364849090576, 83)
(53.719074010849, 84)
(54.23755502700806, 83)
(54.75342893600464, 60)
(55.27158784866333, 47)
(55.78607392311096, 48)
(56.30430793762207, 49)
(56.82383489608765, 23)
(57.33964490890503, 16)
(57.85693693161011, 22)
(58.37700581550598, 53)
(58.890146017074585, 79)
(59.41050696372986, 50)
(59.92786192893982, 48)
(60.44622588157654, 46)
(60.96340489387512, 85)
(61.483054876327515, 51)
(61.99107384681702, 26)
(62.51129698753357, 2)
(63.03155493736267, 2)
(63.54914402961731, 2)
(64.06745290756226, 9)
(64.58841681480408, 40)
(65.10864782333374, 48)
(65.63573884963989, 80)
(66.1575608253479, 66)
(66.67769289016724, 19)
(67.19522190093994, 10)
(67.71413493156433, 10)
(68.2298858165741, 9)
(68.76020503044128, 2)
(69.27915596961975, 0)
(69.79253888130188, 0)
(70.30870199203491, 5)
(70.82348990440369, 3)
(71.33871388435364, 8)
(71.85726594924927, 4)
(72.37731885910034, 15)
(72.89481997489929, 23)
(73.4098129272461, 12)
(73.92558479309082, 14)
(74.44120979309082, 8)
(74.95908880233765, 26)
(75.48246598243713, 35)
(76.00120687484741, 6)
(76.51525592803955, 18)
(77.03232502937317, 44)
(77.55120086669922, 44)
(78.06810188293457, 44)
(78.58599495887756, 4)
(79.10149884223938, 4)
(79.62041401863098, 14)
(80.13703680038452, 12)
(80.65620493888855, 48)
(81.17830896377563, 51)
(81.6969518661499, 27)
(82.21343994140625, 37)
(82.72718501091003, 46)
(83.23994779586792, 61)
(83.75878596305847, 83)
(84.27802896499634, 60)
(84.79792881011963, 94)
(85.30554389953613, 84)
(85.82064390182495, 68)
(86.34328985214233, 47)
(86.8634660243988, 12)
(87.38286280632019, 6)
(87.9010579586029, 38)
(88.42113900184631, 107)
(88.93855881690979, 135)
(89.46345782279968, 135)
(89.98592281341553, 151)
(90.5119788646698, 90)
(91.03218197822571, 50)
(91.55462598800659, 15)
(92.0747230052948, 9)
(92.59025883674622, 10)
(93.1105089187622, 7)
(93.63294100761414, 11)
(94.16008186340332, 10)
(94.68021702766418, 6)
(95.20507383346558, 6)
(95.72521996498108, 4)
(96.24075984954834, 2)
(96.7679078578949, 9)
(97.28574085235596, 2)
(97.80827188491821, 2)
(98.32490682601929, 14)
(98.84510588645935, 4)
(99.36060285568237, 14)
(99.87961196899414, 4)
(100.39593482017517, 4)
(100.91590690612793, 13)
(101.43179392814636, 34)
(101.9493978023529, 16)
(102.46637082099915, 4)
(102.98594093322754, 4)
(103.50967383384705, 47)
(104.0270688533783, 61)
(104.5447289943695, 47)
(105.05979990959167, 47)
(105.576180934906, 54)
(106.09861183166504, 91)
(106.62400102615356, 101)
(107.13976693153381, 99)
(107.65542101860046, 114)
(108.17400479316711, 98)
(108.70024299621582, 115)
(109.2170569896698, 90)
(109.73050880432129, 57)
(110.26582098007202, 58)
(110.78128600120544, 60)
(111.29376983642578, 52)
(111.81589484214783, 72)
(112.32714581489563, 67)
(112.84819388389587, 68)
(113.36136388778687, 81)
(113.87722396850586, 39)
(114.38898491859436, 2)
(114.90565991401672, 41)
(115.44627380371094, 82)
(115.95921993255615, 73)
(116.47105097770691, 71)
(116.98663687705994, 74)
(117.50363183021545, 88)
(118.01243591308594, 116)
(118.53629493713379, 68)
(119.05849885940552, 102)
(119.57371187210083, 130)
(120.11359286308289, 44)
(120.64194083213806, 113)
(121.16702699661255, 110)
(121.68092179298401, 112)
(122.19493985176086, 115)
(122.71474289894104, 120)
(123.23215579986572, 109)
(123.75295281410217, 103)
(124.27677583694458, 108)
(124.79747581481934, 125)
(125.31704783439636, 86)
(125.838711977005, 7)
(126.37227702140808, 56)
(126.88253402709961, 80)
(127.39765691757202, 118)
(127.91290092468262, 42)
(128.43673586845398, 3)
(128.9649748802185, 40)
(129.48263597488403, 53)
(130.00983786582947, 22)
(130.54279398918152, 46)
(131.08080196380615, 53)
(131.5887370109558, 45)
(132.09519481658936, 6)
(132.61245894432068, 4)
(133.13417983055115, 29)
(133.66300082206726, 88)
(134.18234181404114, 121)
(134.7039098739624, 123)
(135.22410583496094, 88)
(135.738618850708, 119)
(136.25492691993713, 82)
(136.76690292358398, 78)
(137.29160380363464, 46)
(137.8116958141327, 44)
(138.32466292381287, 34)
(138.83351802825928, 28)
(139.34215784072876, 40)
(139.85068798065186, 61)
(140.386953830719, 49)
(140.89556288719177, 42)
(141.41235399246216, 42)
(141.93913388252258, 26)
(142.45584988594055, 44)
(142.96380186080933, 42)
(143.4768249988556, 48)
(144.02354383468628, 46)
(144.537987947464, 48)
(145.06586384773254, 6)
(145.60060095787048, 6)
(146.1246738433838, 22)
(146.6498589515686, 7)
(147.16901087760925, 3)
(147.67650389671326, 2)
(148.184818983078, 33)
(148.70040798187256, 15)
(149.20893692970276, 6)
(149.717435836792, 7)
(150.2267189025879, 6)
(150.73439192771912, 4)
(151.24329900741577, 1)
(151.75235986709595, 0)
(152.26096487045288, 0)
(152.77044987678528, 0)
(153.27953481674194, 0)
(153.8090169429779, 0)
(154.31634902954102, 12)
(154.8240339756012, 10)
(155.34265184402466, 4)
(155.87104988098145, 4)
(156.38693690299988, 4)
(156.9013478755951, 2)
(157.4250349998474, 1)
(157.9333999156952, 5)
(158.44941687583923, 2)
(158.96842098236084, 2)
(159.4752118587494, 3)
(159.98756790161133, 42)
(160.51180982589722, 53)
(161.02688002586365, 81)
(161.53592991828918, 49)
(162.0559949874878, 56)
(162.57631993293762, 45)
(163.09280490875244, 52)
(163.6108958721161, 46)
(164.13684391975403, 46)
(164.66793298721313, 41)
(165.18713879585266, 10)
(165.71169090270996, 4)
(166.2265908718109, 14)
(166.74312782287598, 6)
(167.2633879184723, 10)
(167.78008699417114, 4)
(168.29542684555054, 4)
(168.8172698020935, 2)
(169.33647680282593, 7)
(169.84905886650085, 3)
(170.3642818927765, 2)
(170.88342881202698, 2)
(171.4066460132599, 12)
(171.93248987197876, 42)
(172.45033979415894, 68)
(172.96552896499634, 83)
(173.48828101158142, 115)
(174.0270938873291, 86)
(174.53962182998657, 87)
(175.06753492355347, 24)
(175.5841429233551, 11)
(176.10492086410522, 9)
(176.63415098190308, 9)
(177.15218782424927, 66)
(177.6709599494934, 50)
(178.18952298164368, 33)
(178.7093789577484, 6)
(179.22367691993713, 6)
(179.7410638332367, 4)
(180.26545095443726, 8)
(180.77576780319214, 3)
(181.28149700164795, 2)
(181.79409289360046, 13)
(182.34910798072815, 7)
(182.8748288154602, 9)
(183.3861699104309, 28)
(183.89415001869202, 21)
(184.40156888961792, 9)
(184.9108169078827, 8)
(185.42012000083923, 16)
(185.92844796180725, 8)
(186.4400098323822, 3)
(186.948175907135, 10)
(187.46240782737732, 42)
(187.9726209640503, 43)
(188.4817249774933, 86)
(189.00756192207336, 94)
(189.52727699279785, 86)
(190.05164885520935, 79)
(190.56474900245667, 125)
(191.07446885108948, 134)
(191.59559082984924, 124)
(192.1152470111847, 87)
(192.63219499588013, 77)
(193.15324783325195, 55)
(193.68306398391724, 50)
(194.21712398529053, 22)
(194.73612999916077, 3)
(195.2572638988495, 2)
(195.77980089187622, 26)
(196.29375886917114, 53)
(196.81243181228638, 43)
(197.32888388633728, 42)
(197.84863185882568, 43)
(198.37259602546692, 48)
(198.91381001472473, 86)
(199.43207693099976, 84)
(199.9532449245453, 82)
(200.47852897644043, 128)
(200.98751497268677, 115)
(201.50131702423096, 91)
(202.01356387138367, 67)
(202.53211784362793, 55)
(203.04810881614685, 41)
(203.5607099533081, 8)
(204.0841178894043, 4)
(204.60549688339233, 30)
(205.13632488250732, 55)
(205.65069198608398, 47)
(206.17713379859924, 65)
(206.70077681541443, 51)
(207.2227818965912, 65)
(207.74640798568726, 69)
(208.27475595474243, 61)
(208.7952139377594, 45)
(209.3113570213318, 16)
(209.84298396110535, 3)
(210.35909295082092, 20)
(210.8720998764038, 4)
(211.39057302474976, 4)
(211.9085178375244, 2)
(212.43035984039307, 2)
(212.9640510082245, 12)
(213.49287796020508, 21)
(214.01676893234253, 45)
(214.54202890396118, 52)
(215.05999183654785, 35)
(215.56817483901978, 52)
(216.07684803009033, 87)
(216.59572792053223, 56)
(217.11732387542725, 62)
(217.63240599632263, 44)
(218.1500678062439, 48)
(218.67172598838806, 48)
(219.18750190734863, 78)
(219.70279002189636, 67)
(220.2168469429016, 46)
(220.73206782341003, 9)
(221.2487850189209, 8)
(221.7755630016327, 7)
(222.2971978187561, 5)
(222.8163139820099, 0)
(223.3392288684845, 0)
(223.85579085350037, 38)
(224.37488293647766, 50)
(224.89524602890015, 97)
(225.42326092720032, 125)
(225.9391438961029, 144)
(226.46744394302368, 117)
(226.984445810318, 62)
(227.5072729587555, 15)
(228.0148208141327, 14)
(228.52495884895325, 44)
(229.03383493423462, 50)
(229.55295181274414, 12)
(230.07495999336243, 4)
(230.58454179763794, 4)
(231.1005609035492, 4)
(231.61629581451416, 37)
(232.1384630203247, 44)
(232.65639400482178, 86)
(233.1891679763794, 89)
(233.7141718864441, 59)
(234.23554301261902, 51)
(234.76517701148987, 49)
(235.2836949825287, 10)
(235.81193900108337, 8)
(236.334734916687, 6)
(236.86150693893433, 6)
(237.37455201148987, 46)
(237.89317083358765, 78)
(238.40062284469604, 71)
(238.91791987419128, 50)
(239.44404888153076, 49)
(239.96754479408264, 44)
(240.49982500076294, 30)
(241.0198359489441, 3)
(241.54392194747925, 3)
(242.066636800766, 2)
(242.57835388183594, 8)
(243.0955069065094, 2)
(243.61274981498718, 30)
(244.12841987609863, 32)
(244.64491987228394, 13)
(245.16138887405396, 51)
(245.67784881591797, 52)
(246.19872784614563, 47)
(246.72052693367004, 46)
(247.24267292022705, 49)
(247.76181292533875, 45)
(248.27920794487, 14)
(248.79903101921082, 6)
(249.32344484329224, 13)
(249.8442578315735, 5)
(250.35783100128174, 21)
(250.87489891052246, 23)
(251.3819990158081, 14)
(251.9043848514557, 30)
(252.41623091697693, 19)
(252.9354009628296, 13)
(253.46414399147034, 10)
(253.98989486694336, 8)
(254.51499390602112, 18)
(255.03199696540833, 32)
(255.5568709373474, 31)
(256.0755310058594, 4)
(256.59570598602295, 10)
(257.11278080940247, 5)
(257.63313579559326, 4)
(258.1485278606415, 3)
(258.6683588027954, 16)
(259.192067861557, 6)
(259.70758295059204, 5)
(260.2240710258484, 9)
(260.74513483047485, 16)
(261.2726500034332, 45)
(261.8090329170227, 43)
(262.346626996994, 46)
(262.8815698623657, 40)
(263.4131100177765, 7)
(263.9490599632263, 5)
(264.46793580055237, 4)
(264.9888029098511, 4)
(265.4981999397278, 3)
(266.01727080345154, 0)
(266.5321810245514, 6)
(267.0510787963867, 31)
(267.5586287975311, 97)
(268.0794060230255, 90)
(268.6021068096161, 71)
(269.12553191185, 51)
(269.64244294166565, 34)
(270.17169284820557, 4)
(270.68802785873413, 30)
(271.2043797969818, 50)
(271.72245693206787, 45)
(272.2409598827362, 6)
(272.75697088241577, 4)
(273.27601194381714, 4)
(273.79945397377014, 2)
(274.32084488868713, 10)
(274.8397660255432, 65)
(275.3563759326935, 92)
(275.8732738494873, 82)
(276.39239287376404, 84)
(276.91032695770264, 72)
(277.4223439693451, 55)
(277.94082593917847, 26)
(278.4561970233917, 46)
(278.9801678657532, 47)
(279.50747990608215, 46)
(280.0349349975586, 44)
(280.5509548187256, 56)
(281.07339096069336, 42)
(281.58784794807434, 6)
(282.1152379512787, 2)
(282.62970900535583, 5)
(283.15221881866455, 18)
(283.6650319099426, 2)
(284.17301988601685, 2)
(284.68913197517395, 10)
(285.2067368030548, 10)
(285.729309797287, 4)
(286.24693393707275, 12)
(286.77917194366455, 8)
(287.2952399253845, 4)
(287.8129119873047, 13)
(288.332072019577, 59)
(288.8546688556671, 83)
(289.3793909549713, 84)
(289.91319489479065, 86)
(290.42589592933655, 47)
(290.9482088088989, 43)
(291.4766638278961, 25)
(291.9961678981781, 8)
(292.50750279426575, 17)
(293.04051184654236, 17)
(293.55500292778015, 25)
(294.1066949367523, 31)
(294.6150608062744, 20)
(295.13583183288574, 10)
(295.66390895843506, 9)
(296.18823289871216, 8)
(296.71353697776794, 53)
(297.2338168621063, 82)
(297.75657296180725, 121)
(298.27700781822205, 98)
(298.8032488822937, 99)
(299.33504581451416, 117)
(299.87104082107544, 75)
(300.3824667930603, 138)
(300.9080059528351, 58)
(301.4251389503479, 49)
(301.9414927959442, 47)
(302.45692586898804, 7)
(302.9700310230255, 6)
(303.49120593070984, 6)
(304.0151000022888, 9)
(304.5489640235901, 3)
(305.0824990272522, 3)
(305.61371898651123, 2)
(306.1320729255676, 2)
(306.64808797836304, 5)
(307.168771982193, 2)
(307.68709897994995, 2)
(308.20774602890015, 2)
(308.72728085517883, 2)
(309.25030183792114, 1)
(309.76746892929077, 16)
(310.28816390037537, 41)
(310.8100278377533, 75)
(311.3259959220886, 77)
(311.84798789024353, 23)
(312.3722038269043, 4)
(312.89858293533325, 4)
(313.4426679611206, 4)
(313.9738938808441, 3)
(314.49670791625977, 0)
(315.016982793808, 0)
(315.54522800445557, 5)
(316.066339969635, 4)
(316.580659866333, 31)
(317.0987858772278, 51)
(317.6247799396515, 69)
(318.1444818973541, 10)
(318.6675498485565, 14)
(319.1886558532715, 10)
(319.7059178352356, 10)
(320.2270288467407, 11)
(320.7501358985901, 4)
(321.27525997161865, 3)
(321.8060429096222, 3)
(322.31735396385193, 1)
(322.82880091667175, 0)
(323.34024691581726, 0)
(323.8536148071289, 0)
(324.36504793167114, 0)
(324.876513004303, 6)
(325.38427686691284, 21)
(325.90910601615906, 81)
(326.4392178058624, 92)
(326.9630169868469, 81)
(327.4864819049835, 16)
(328.0086808204651, 6)
(328.53185987472534, 17)
(329.0535988807678, 45)
(329.57409501075745, 44)
(330.0979268550873, 41)
(330.61519598960876, 3)
(331.1291139125824, 8)
(331.6496539115906, 11)
(332.1767690181732, 38)
(332.70052695274353, 48)
(333.2161889076233, 40)
(333.73011302948, 7)
(334.24729895591736, 4)
(334.7697458267212, 12)
(335.299076795578, 59)
(335.8237819671631, 46)
(336.34097695350647, 79)
(336.8659658432007, 88)
(337.38212490081787, 87)
(337.9025139808655, 30)
(338.41573882102966, 8)
(338.9302909374237, 27)
(339.44983196258545, 49)
(339.9937298297882, 33)
(340.5148458480835, 61)
(341.03181982040405, 57)
(341.55876183509827, 51)
(342.08000087738037, 49)
(342.60125184059143, 13)
(343.12249088287354, 4)
(343.63657999038696, 10)
(344.15643095970154, 9)
(344.68211579322815, 47)
(345.1983609199524, 86)
(345.72292494773865, 84)
(346.2376480102539, 83)
(346.7706699371338, 87)
(347.29508900642395, 85)
(347.8191668987274, 78)
(348.32728481292725, 15)
(348.8335049152374, 32)
(349.3526589870453, 43)
(349.8738548755646, 49)
(350.3943409919739, 43)
(350.9113838672638, 76)
(351.4239900112152, 123)
(351.9394898414612, 107)
(352.45116686820984, 87)
(352.9681468009949, 60)
(353.4828209877014, 53)
(353.99115681648254, 49)
(354.5165288448334, 52)
(355.0456848144531, 30)
(355.57104086875916, 12)
(356.0963878631592, 6)
(356.6086959838867, 13)
(357.12738490104675, 11)
(357.6449189186096, 10)
(358.1674280166626, 51)
(358.6823778152466, 85)
(359.2095890045166, 51)
(359.73302388191223, 43)
(360.2530138492584, 43)
(360.7619078159332, 43)
(361.28141379356384, 47)
(361.8065068721771, 11)
(362.3278319835663, 9)
(362.8459630012512, 53)
(363.3700888156891, 50)
(363.8996980190277, 47)
(364.4183008670807, 25)
(364.9362618923187, 93)
(365.4711558818817, 91)
(365.9769718647003, 90)
(366.5028269290924, 129)
(367.0225119590759, 102)
(367.5622639656067, 141)
(368.07567381858826, 77)
(368.58908891677856, 26)
(369.1085319519043, 6)
(369.6327929496765, 4)
(370.1627719402313, 4)
(370.68102192878723, 16)
(371.2122769355774, 16)
(371.73660588264465, 8)
(372.2524678707123, 8)
(372.7599768638611, 32)
(373.2684609889984, 13)
(373.77709794044495, 5)
(374.289333820343, 21)
(374.80395579338074, 24)
(375.3118989467621, 15)
(375.82014298439026, 8)
(376.3280107975006, 8)
(376.840402841568, 6)
(377.3509569168091, 13)
(377.86676383018494, 3)
(378.3773419857025, 2)
(378.8878848552704, 2)
(379.4002408981323, 2)
(379.9107768535614, 29)
(380.4195718765259, 40)
(380.92841386795044, 63)
(381.4666268825531, 99)
(381.9850289821625, 105)
(382.5080289840698, 169)
(383.02117896080017, 100)
(383.54405879974365, 82)
(384.0833477973938, 69)
(384.6028859615326, 36)
(385.12291502952576, 47)
(385.63082480430603, 45)
(386.1489679813385, 54)
(386.6812160015106, 11)
(387.189425945282, 5)
(387.7091579437256, 39)
(388.2283179759979, 83)
(388.752641916275, 93)
(389.2664978504181, 119)
(389.78146982192993, 100)
(390.31118297576904, 67)
(390.82325196266174, 44)
(391.35072779655457, 82)
(391.8748869895935, 46)
(392.40332293510437, 10)
(392.92495584487915, 7)
(393.45523500442505, 16)
(393.9724168777466, 5)
(394.51101183891296, 4)
(395.0363199710846, 26)
(395.555223941803, 7)
(396.0728168487549, 5)
(396.58482098579407, 4)
(397.1051139831543, 9)
(397.6253809928894, 3)
(398.14569187164307, 2)
(398.6659598350525, 2)
(399.1954619884491, 2)
(399.71688294410706, 0)
(400.2426118850708, 0)
(400.7680068016052, 6)
(401.2949478626251, 2)
(401.8110408782959, 2)
(402.3276619911194, 2)
(402.8491129875183, 2)
(403.373379945755, 0)
(403.9158148765564, 0)
(404.4479088783264, 0)
(404.9650948047638, 8)
(405.4847857952118, 2)
(405.9994649887085, 2)
(406.52519702911377, 2)
(407.061203956604, 12)
(407.58580493927, 5)
(408.10902881622314, 5)
(408.62308502197266, 10)
(409.1415870189667, 48)
(409.6611988544464, 43)
(410.206326007843, 54)
(410.7212038040161, 16)
(411.2462649345398, 14)
(411.7568209171295, 9)
(412.2926239967346, 6)
(412.81035900115967, 1)
(413.3392598628998, 0)
(413.8515717983246, 0)
(414.3694999217987, 0)
(414.888160943985, 15)
(415.4011368751526, 19)
(415.91893792152405, 47)
(416.4383988380432, 55)
(416.9598479270935, 52)
(417.48053789138794, 6)
(418.000412940979, 8)
(418.5282208919525, 14)
(419.0429530143738, 8)
(419.5643479824066, 13)
(420.08731389045715, 7)
(420.6004447937012, 5)
(421.11357283592224, 2)
(421.628497838974, 2)
(422.16412591934204, 10)
(422.7205629348755, 3)
(423.25186800956726, 43)
(423.76686692237854, 6)
(424.2813878059387, 4)
(424.80939197540283, 11)
(425.3357129096985, 4)
(425.85707092285156, 9)
(426.3784329891205, 4)
(426.90094685554504, 4)
(427.44256591796875, 47)
(427.96329283714294, 27)
(428.4794089794159, 29)
(429.00061082839966, 34)
(429.51815390586853, 52)
(430.03511691093445, 52)
(430.56121802330017, 46)
(431.09014892578125, 43)
(431.61136293411255, 40)
(432.130334854126, 33)
(432.6457908153534, 7)
(433.17524886131287, 2)
(433.69595193862915, 37)
(434.21500396728516, 64)
(434.7374448776245, 59)
(435.2609689235687, 8)
(435.77986001968384, 8)
(436.3004238605499, 14)
(436.8256778717041, 20)
(437.34607791900635, 46)
(437.8620328903198, 42)
(438.37101793289185, 42)
(438.8855369091034, 23)
(439.4050898551941, 4)
(439.92314195632935, 22)
(440.4427490234375, 6)
(440.9592499732971, 6)
(441.48355889320374, 5)
(441.9971458911896, 7)
(442.52309489250183, 17)
(443.0489959716797, 13)
(443.5717658996582, 6)
(444.1010739803314, 6)
(444.62521481513977, 5)
(445.1574378013611, 3)
(445.6880898475647, 11)
(446.2282609939575, 2)
(446.7478098869324, 2)
(447.26427388191223, 4)
(447.7917549610138, 11)
(448.31924700737, 43)
(448.8404929637909, 44)
(449.3588898181915, 10)
(449.8814148902893, 3)
(450.400349855423, 2)
(450.91826701164246, 2)
(451.43254494667053, 2)
(451.94808983802795, 0)
(452.46502685546875, 16)
(452.9874198436737, 4)
(453.5034558773041, 70)
(454.02831983566284, 116)
(454.5514268875122, 108)
(455.07426285743713, 111)
(455.5945990085602, 115)
(456.1078050136566, 81)
(456.6281809806824, 93)
(457.1611258983612, 82)
(457.6801218986511, 10)
(458.20740389823914, 18)
(458.737673997879, 57)
(459.25787591934204, 50)
(459.7682819366455, 45)
(460.2922749519348, 26)
(460.8111608028412, 14)
(461.32598996162415, 4)
(461.8449378013611, 16)
(462.3733739852905, 43)
(462.8907768726349, 44)
(463.42190885543823, 54)
(463.9502258300781, 45)
(464.47080397605896, 43)
(464.99904680252075, 76)
(465.52107095718384, 58)
(466.0449638366699, 35)
(466.56370091438293, 2)
(467.07173585891724, 2)
(467.579806804657, 2)
(468.0996458530426, 2)
(468.61855387687683, 1)
(469.1330029964447, 0)
(469.6468369960785, 33)
(470.16168785095215, 40)
(470.6979458332062, 49)
(471.22607493400574, 55)
(471.7320339679718, 62)
(472.2506709098816, 88)
(472.7646858692169, 89)
(473.2782700061798, 64)
(473.7953028678894, 32)
(474.31553983688354, 10)
(474.8280928134918, 10)
(475.3485188484192, 36)
(475.86496090888977, 46)
(476.38473892211914, 76)
(476.9163029193878, 24)
(477.4294090270996, 35)
(477.9375059604645, 8)
(478.4455819129944, 14)
(478.9536499977112, 9)
(479.4617648124695, 6)
(479.97222995758057, 3)
(480.4812738895416, 9)
(480.988716840744, 43)
(481.50077199935913, 42)
(482.0256199836731, 43)
(482.54725885391235, 43)
(483.0640468597412, 42)
(483.59362387657166, 49)
(484.10455203056335, 37)
(484.6173779964447, 79)
(485.1405198574066, 85)
(485.6513669490814, 61)
(486.17489194869995, 49)
(486.68869400024414, 46)
(487.2051157951355, 33)
(487.71318888664246, 8)
(488.22831082344055, 6)
(488.7420268058777, 16)
(489.26422786712646, 6)
(489.7808418273926, 24)
(490.3029079437256, 43)
(490.8225328922272, 53)
(491.3572778701782, 75)
(491.88038992881775, 96)
(492.4026048183441, 90)
(492.9303789138794, 80)
(493.44396686553955, 48)
(493.9493019580841, 61)
(494.4730968475342, 47)
(494.99749302864075, 7)
(495.50740694999695, 12)
(496.02796697616577, 8)
(496.55331087112427, 9)
(497.0805218219757, 6)
(497.5999209880829, 29)
(498.12549901008606, 50)
(498.64655685424805, 64)
(499.1750988960266, 41)
(499.6912260055542, 17)
(500.2279419898987, 56)
(500.751681804657, 54)
(501.2801468372345, 46)
(501.80009388923645, 3)
(502.32617688179016, 42)
(502.84299397468567, 77)
(503.36404395103455, 90)
(503.9076089859009, 92)
(504.4275050163269, 81)
(504.9446859359741, 88)
(505.47058391571045, 89)
(505.99893593788147, 36)
(506.5181670188904, 18)
(507.047287940979, 44)
(507.58403992652893, 46)
(508.1283869743347, 46)
(508.6485619544983, 40)
(509.1726529598236, 41)
(509.6935307979584, 29)
(510.2118399143219, 14)
(510.73081493377686, 5)
(511.2548580169678, 41)
(511.7776129245758, 45)
(512.2979838848114, 43)
(512.8294789791107, 30)
(513.3637039661407, 48)
(513.875049829483, 35)
(514.3838520050049, 14)
(514.912969827652, 7)
(515.4205658435822, 43)
(515.9344208240509, 8)
(516.450896024704, 47)
(516.9696519374847, 98)
(517.4926478862762, 71)
(518.0132219791412, 69)
(518.5315399169922, 136)
(519.0616300106049, 53)
(519.5867400169373, 26)
(520.1022658348083, 10)
(520.6207418441772, 6)
(521.1491539478302, 5)
(521.6687059402466, 3)
(522.1871650218964, 2)
(522.7023389339447, 0)
(523.2164218425751, 11)
(523.7337749004364, 35)
(524.2566850185394, 45)
(524.7751069068909, 50)
(525.2935698032379, 53)
(525.8121008872986, 45)
(526.3449280261993, 25)
(526.8633270263672, 29)
(527.3840110301971, 46)
(527.9025030136108, 40)
(528.4209849834442, 4)
(528.9405059814453, 19)
(529.4524328708649, 78)
(529.9741899967194, 66)
(530.4993319511414, 20)
(531.017012834549, 10)
(531.5359389781952, 6)
(532.0560309886932, 11)
(532.5792989730835, 85)
(533.1022639274597, 112)
(533.630940914154, 99)
(534.1551070213318, 117)
(534.6648948192596, 102)
(535.1792588233948, 83)
(535.7139229774475, 51)
(536.2325270175934, 47)
(536.7489759922028, 26)
(537.2748708724976, 41)
(537.7950057983398, 45)
(538.3125648498535, 43)
(538.8393979072571, 5)
(539.3553438186646, 7)
(539.8731858730316, 4)
(540.3928649425507, 44)
(540.9115529060364, 57)
(541.4356799125671, 47)
(541.9547879695892, 56)
(542.4754350185394, 50)
(542.9984760284424, 52)
(543.5201568603516, 62)
(544.0348968505859, 37)
(544.5540728569031, 10)
(545.0688238143921, 10)
(545.5837090015411, 14)
(546.1028418540955, 6)
(546.617614030838, 17)
(547.139643907547, 59)
(547.6522839069366, 46)
(548.1750748157501, 30)
(548.7028830051422, 6)
(549.2277588844299, 19)
(549.7440299987793, 43)
(550.2689108848572, 48)
(550.7779757976532, 42)
(551.287230014801, 42)
(551.7946939468384, 57)
(552.3124430179596, 41)
(552.8271698951721, 22)
(553.3492000102997, 51)
(553.8668730258942, 52)
(554.3907339572906, 62)
(554.9188628196716, 46)
(555.4256680011749, 13)
(555.9334228038788, 6)
(556.4533269405365, 14)
(556.978523015976, 6)
(557.4963729381561, 10)
(558.0129008293152, 4)
(558.5501489639282, 16)
(559.0727028846741, 17)
(559.5938968658447, 6)
(560.1217939853668, 11)
(560.6483488082886, 12)
(561.1812889575958, 7)
(561.730232000351, 4)
(562.2500648498535, 4)
(562.7645828723907, 2)
(563.2884368896484, 36)
(563.812383890152, 43)
(564.3280379772186, 68)
(564.8493309020996, 44)
(565.3562908172607, 43)
(565.8776550292969, 43)
(566.3933889865875, 15)
(566.9028089046478, 3)
(567.4124188423157, 11)
(567.9861907958984, 22)
(568.5194818973541, 8)
(569.0627548694611, 62)
(569.5933129787445, 130)
(570.1041209697723, 94)
(570.617908000946, 95)
(571.1350419521332, 63)
(571.668221950531, 73)
(572.1826720237732, 76)
(572.7123680114746, 52)
(573.2371599674225, 47)
(573.7695879936218, 49)
(574.2828478813171, 43)
(574.7937228679657, 42)
(575.3046219348907, 35)
(575.813129901886, 7)
(576.3306410312653, 5)
(576.8598709106445, 11)
(577.3764278888702, 16)
(577.8920288085938, 52)
(578.4167640209198, 63)
(578.9509840011597, 51)
(579.4791789054871, 53)
(579.9971859455109, 49)
(580.5249638557434, 58)
(581.0415589809418, 43)
(581.5574970245361, 43)
(582.0787558555603, 43)
(582.5952739715576, 54)
(583.1147348880768, 44)
(583.644336938858, 43)
(584.1974928379059, 22)
(584.7155458927155, 16)
(585.2302207946777, 5)
(585.7400119304657, 14)
(586.2603738307953, 7)
(586.7868340015411, 38)
(587.307238817215, 85)
(587.8184947967529, 82)
(588.3361368179321, 77)
(588.8596258163452, 43)
(589.3812630176544, 43)
(589.89231300354, 42)
(590.4066338539124, 5)
(590.9254419803619, 3)
(591.4440720081329, 6)
(591.9527578353882, 2)
(592.4752628803253, 2)
(592.9915688037872, 3)
(593.5172200202942, 1)
(594.0443909168243, 24)
(594.5589339733124, 4)
(595.0745508670807, 4)
(595.5962278842926, 4)
(596.1194219589233, 10)
(596.6425478458405, 4)
(597.1597459316254, 40)
(597.6895089149475, 43)
(598.2065289020538, 43)
(598.7321968078613, 42)
(599.2663488388062, 42)
(599.7898588180542, 44)
(600.3083658218384, 54)
(600.8173348903656, 40)
(601.3367178440094, 6)
(601.8572728633881, 8)
(602.3706758022308, 4)
(602.894788980484, 11)
(603.4206128120422, 5)
(603.9428558349609, 4)
(604.4778668880463, 3)
(604.9964199066162, 2)
(605.5241038799286, 10)
(606.0428409576416, 49)
(606.5633838176727, 42)
(607.0804409980774, 43)
(607.5972278118134, 10)
(608.121307849884, 10)
(608.6439628601074, 4)
(609.1533889770508, 4)
(609.6666729450226, 36)
(610.1746399402618, 41)
(610.6834850311279, 39)
(611.2018139362335, 12)
(611.7169988155365, 13)
(612.2256870269775, 29)
(612.7328958511353, 48)
(613.2417759895325, 46)
(613.7489998340607, 22)
(614.2595489025116, 30)
(614.7717459201813, 4)
(615.2938690185547, 42)
(615.8011000156403, 17)
(616.3166198730469, 8)
(616.8338298797607, 7)
(617.3609278202057, 6)
(617.877956867218, 4)
(618.3917138576508, 1)
(618.9059338569641, 0)
(619.4210638999939, 11)
(619.9449038505554, 2)
(620.4537799358368, 2)
(620.9692878723145, 2)
(621.4767858982086, 2)
(622.0036528110504, 0)
(622.5409519672394, 11)
(623.0608699321747, 5)
